      0/79       25G   0.09859   0.03031   0.04332    0.1722        12       640 0.0001899   0.06944 8.835e-05 1.286e-05   0.09418   0.02552   0.04184
      1/79     25.1G   0.09384    0.0293    0.0415    0.1646         8       640  0.001403  0.002457 0.0001801 2.782e-05   0.09207    0.0255   0.04048
      2/79     25.1G   0.08795   0.03067   0.03786    0.1565         8       640   0.01203   0.04707  0.006682  0.001427   0.08475    0.0265   0.03305
      3/79     25.1G   0.08127   0.03007   0.03285    0.1442         1       640   0.06918    0.1561   0.03425  0.006839    0.0797   0.02395   0.02833
      4/79     25.1G   0.07741   0.02716   0.02986    0.1344         1       640    0.1224    0.1672   0.06437   0.01421   0.07783   0.02215   0.02634
      5/79     25.1G   0.07318   0.02591   0.02729    0.1264         3       640    0.1328    0.1691   0.08029   0.01899   0.07488   0.02256   0.02534
      6/79     25.1G    0.0705   0.02454   0.02629    0.1213         1       640    0.4127    0.1534   0.09632   0.02022   0.07484   0.02148   0.02347
      7/79     25.1G   0.06938   0.02468   0.02498     0.119        18       640     0.103    0.1616   0.05476   0.01411    0.0781   0.02337   0.02554
      8/79     25.1G   0.06808   0.02389   0.02332    0.1153         3       640     0.195     0.156   0.09278    0.0249   0.07426   0.02143   0.02391
      9/79     25.1G   0.06656   0.02404   0.02329    0.1139        10       640    0.2213    0.1322   0.08206   0.01977    0.0806   0.02005   0.02574
     10/79     25.1G   0.06675   0.02368   0.02303    0.1135         6       640    0.1994     0.196    0.1249   0.03567   0.06993   0.02114   0.02222
     11/79     25.1G    0.0667   0.02459   0.02283    0.1141        16       640    0.2335     0.196    0.1413   0.03946    0.0695   0.02436   0.02134
     12/79     25.1G   0.06573   0.02434   0.02217    0.1122        12       640   0.02106    0.0414  0.004324 0.0008631     0.102    0.0215   0.04244
     13/79     25.1G   0.06553    0.0236   0.02212    0.1112         9       640   0.02153   0.05255   0.01124  0.002797   0.09697   0.02549   0.03948
     14/79     25.1G   0.06363   0.02366   0.02168     0.109         6       640    0.1066    0.1775    0.0619   0.01723   0.08202   0.02313   0.02768
     15/79     25.1G   0.06246   0.02314   0.02143     0.107         8       640    0.2863    0.2569    0.2064   0.06923   0.06509   0.01961   0.02044
     16/79     25.1G   0.06147   0.02296   0.02104    0.1055        23       640    0.2427    0.2003    0.1336   0.04223   0.07113   0.02092   0.02457
     17/79     25.1G   0.06073   0.02258   0.02043    0.1037         8       640    0.1278    0.1439   0.06079   0.01672   0.07631   0.02522   0.03042
     18/79     25.1G   0.06043   0.02305   0.02024    0.1037         5       640    0.2697    0.2061    0.1689   0.05521     0.067   0.02102   0.02232
     19/79     25.1G   0.05963   0.02273   0.01946    0.1018         7       640    0.1437     0.153   0.07839   0.02059   0.07754    0.0242   0.02706
     20/79     25.1G   0.05802   0.02264   0.01972    0.1004        10       640    0.1993    0.2407     0.144   0.04536   0.06662   0.02188   0.02186
     21/79     25.1G   0.05831    0.0216   0.01915   0.09905         6       640    0.2766    0.2216    0.1881   0.05672   0.06624   0.02025   0.02145
     22/79     25.1G   0.05744   0.02165   0.01813   0.09723         3       640    0.2779    0.2497    0.2004   0.06261   0.06299   0.02016   0.02073
     23/79     25.1G    0.0561   0.02262    0.0183   0.09703        11       640    0.2893    0.3275    0.2445   0.07957   0.06156   0.01908    0.0184
     24/79     25.1G   0.05635   0.02167   0.01808   0.09611        11       640    0.3753    0.2929    0.2727   0.08626   0.06081   0.01858   0.01808
     25/79     25.1G   0.05576   0.02168   0.01856     0.096        13       640    0.1532   0.09207   0.04726   0.01477   0.08084   0.02732   0.04031
     26/79     25.1G   0.05543   0.02162   0.01792   0.09497         4       640    0.2965    0.3062    0.2283   0.07676    0.0616   0.01946   0.01839
     27/79     25.1G   0.05555   0.02114   0.01771   0.09441         4       640    0.2459    0.2904    0.1984    0.0612    0.0635   0.02044   0.02225
     28/79     25.1G   0.05428   0.02076   0.01754   0.09258         6       640    0.3157    0.2463     0.193   0.05685   0.06386   0.02017   0.02119
     29/79     25.1G   0.05384   0.02037   0.01728   0.09148         5       640    0.2532    0.2897    0.2072   0.06679   0.06426   0.01995   0.02028
     30/79     25.1G   0.05379   0.02139   0.01699   0.09217        14       640    0.2799     0.301    0.2273   0.07808   0.06248   0.01967   0.02134
     31/79     25.1G   0.05288   0.02105   0.01692   0.09085        17       640    0.2813    0.2305      0.18   0.05642   0.06758   0.02055   0.02263
     32/79     25.1G   0.05295   0.02025   0.01675   0.08995         9       640    0.2074    0.1912    0.1261   0.03953   0.07165     0.022   0.02625
     33/79     25.1G   0.05206   0.01989   0.01665    0.0886         4       640    0.2794    0.3273      0.25   0.08914   0.06115   0.01916   0.01986
     34/79     25.1G   0.05189   0.02092    0.0162     0.089         5       640    0.3076    0.3101     0.249   0.07917   0.06056   0.01913   0.01993
     35/79     25.1G   0.05074   0.01971   0.01612   0.08656         3       640    0.3299    0.2962     0.256   0.08377   0.06044   0.01882   0.01953
     36/79     25.1G    0.0513   0.02013   0.01558   0.08702         5       640    0.3557    0.2997    0.2552   0.08477    0.0612   0.01919   0.02085
     37/79     25.1G   0.04957   0.02042   0.01585   0.08583         4       640    0.2631    0.3327    0.2306    0.0758   0.06057   0.01957   0.02106
     38/79     25.1G   0.04974   0.01913   0.01519   0.08406         9       640    0.3255    0.3018    0.2393    0.0762   0.06136   0.01931   0.02125
     39/79     25.1G      0.05   0.01949   0.01546   0.08496         7       640     0.397    0.2653    0.2537    0.0825   0.05977   0.01882   0.01874
     40/79     25.1G   0.04916   0.02011   0.01549   0.08475        25       640    0.2189    0.2275    0.1445   0.04537   0.06805   0.02302   0.02882
     41/79     25.1G   0.04868   0.01979   0.01449   0.08296        12       640    0.1939    0.2469    0.1469   0.04843   0.06973   0.02272   0.02837
     42/79     25.1G   0.04853   0.01942   0.01469   0.08265        14       640    0.4013    0.2779    0.2578   0.08876   0.05934   0.01867   0.02017
     43/79     25.1G   0.04771   0.01905   0.01438   0.08113         7       640    0.3188    0.2943    0.2332   0.07864   0.06099    0.0196   0.02459
     44/79     25.1G   0.04758   0.01895   0.01395   0.08048         5       640    0.3499    0.2807    0.2353   0.08018   0.06259   0.01979    0.0221
     45/79     25.1G    0.0471   0.01859   0.01378   0.07947         9       640    0.3339    0.3053    0.2344   0.07821    0.0602   0.02031   0.02148
     46/79     25.1G   0.04672   0.01854   0.01357   0.07884         5       640     0.359    0.2708    0.2255   0.07479   0.06325   0.02082   0.02442
     47/79     25.1G   0.04655   0.01837   0.01403   0.07895        21       640    0.3547    0.2681    0.2465   0.07963   0.06152   0.01964   0.02185
     48/79     25.1G   0.04564   0.01834    0.0137   0.07768         3       640    0.3504    0.3166    0.2595   0.08578   0.05963    0.0194   0.02086
     49/79     25.1G   0.04596   0.01843   0.01315   0.07754        12       640    0.3118    0.3175     0.233   0.07566   0.06179   0.02056   0.02182
     50/79     25.1G     0.045   0.01794   0.01287   0.07581         5       640     0.331     0.329    0.2677   0.08675    0.0595   0.01948   0.02202
     51/79     25.1G     0.045   0.01758   0.01387   0.07645         7       640    0.3228    0.3163    0.2531   0.08558   0.05995    0.0199   0.02064
     52/79     25.1G   0.04449    0.0176   0.01252   0.07462        10       640    0.3407    0.3119    0.2564   0.08954   0.05997   0.01959   0.02023
     53/79     25.1G   0.04377   0.01754   0.01257   0.07389         7       640    0.3228    0.2942     0.234   0.07951   0.06215   0.01995   0.02171
     54/79     25.1G   0.04337   0.01718   0.01251   0.07306         7       640    0.4633    0.2572    0.2617   0.08637   0.05902   0.01964   0.02057
     55/79     25.1G   0.04249   0.01688   0.01225   0.07162         0       640    0.3112    0.3194    0.2396    0.0779   0.06182   0.02034   0.02253
     56/79     25.1G   0.04282   0.01719   0.01216   0.07217         6       640    0.3961    0.3087    0.2643   0.08885   0.06028   0.01955   0.02094
     57/79     25.1G   0.04271    0.0167   0.01213   0.07153         7       640    0.3383    0.2864    0.2336   0.07568   0.06191    0.0212    0.0234
     58/79     25.1G   0.04186   0.01641   0.01193    0.0702         5       640    0.3472    0.3256    0.2649   0.08898   0.05945   0.02043   0.02203
     59/79     25.1G   0.04178   0.01648   0.01171   0.06998         7       640    0.2955    0.3397    0.2478    0.0841    0.0607   0.02046   0.02249
     60/79     25.1G   0.04166   0.01671   0.01197   0.07034         8       640    0.3711    0.3182    0.2656   0.09134   0.05916   0.02034   0.02118
     61/79     25.1G   0.04106   0.01622   0.01205   0.06932         7       640    0.3993    0.3142    0.2676   0.08956   0.05992   0.02083   0.02242
     62/79     25.1G   0.04063   0.01504   0.01137   0.06704         6       640    0.3543    0.2682    0.2192   0.07439    0.0633   0.02186   0.02668
     63/79     25.1G   0.04106   0.01588   0.01122   0.06816        10       640    0.3573    0.2875    0.2463   0.08101   0.06007   0.02079   0.02101
     64/79     25.1G   0.04012   0.01604   0.01096   0.06712         5       640    0.3582    0.2851    0.2349   0.07779   0.06215   0.02155   0.02428
     65/79     25.1G   0.04016   0.01524   0.01182   0.06722        10       640    0.3848    0.2872    0.2527   0.08525   0.06026   0.02097   0.02238
     66/79     25.1G   0.03988   0.01542   0.01129   0.06658        10       640    0.3605    0.3145    0.2553   0.08665   0.06017   0.02132   0.02311
     67/79     25.1G   0.03972   0.01594   0.01124    0.0669        14       640    0.4329    0.2596    0.2528    0.0869   0.06113   0.02145   0.02301
     68/79     25.1G   0.03913   0.01507   0.01103   0.06523         5       640    0.3272    0.2894     0.238   0.08262   0.06207   0.02209   0.02322
     69/79     25.1G   0.03938   0.01506   0.01091   0.06534         7       640    0.3771    0.2994    0.2602   0.08751   0.06044   0.02117   0.02312
     70/79     25.1G   0.03871   0.01496   0.01052   0.06419         8       640    0.3364    0.3199    0.2465   0.08456   0.06072   0.02206   0.02356
     71/79     25.1G   0.03833   0.01473   0.01141   0.06447         5       640    0.3603    0.3214    0.2564   0.08296   0.06031   0.02177   0.02364
     72/79     25.1G   0.03808   0.01492   0.01043   0.06343        14       640    0.3897    0.3186     0.262   0.08916   0.06016    0.0214   0.02317
     73/79     25.1G   0.03812   0.01481   0.01089   0.06382         6       640    0.3666    0.2885    0.2448   0.08215   0.06147   0.02248   0.02408
     74/79     25.1G   0.03766   0.01461   0.01069   0.06296         6       640    0.4083     0.275    0.2484    0.0865   0.06027   0.02238   0.02347
     75/79     25.1G   0.03761   0.01458    0.0106   0.06279         5       640    0.4104     0.276    0.2568   0.08788   0.06038   0.02208   0.02226
     76/79     25.1G   0.03708    0.0144   0.01036   0.06184        13       640    0.3938    0.2965    0.2461   0.08533   0.06098   0.02241   0.02234
     77/79     25.1G   0.03769   0.01453   0.01048   0.06269         9       640    0.3705    0.3092    0.2574   0.09161   0.06016   0.02258   0.02227
     78/79     25.1G   0.03726   0.01447   0.01021   0.06194        15       640    0.3432    0.3373    0.2572   0.09139   0.06063   0.02224   0.02262
     79/79     25.1G   0.03669   0.01392   0.01061   0.06122        15       640    0.3856    0.3199    0.2615   0.08914   0.06018   0.02223   0.02384
