     0/299       19G   0.07624   0.03462   0.03802    0.1489       121      1024    0.6471   0.06937   0.04337   0.01011   0.07768   0.01826   0.04295
     1/299       18G   0.07063   0.03275    0.0331    0.1365        82      1024     0.677    0.1134   0.06943   0.02004   0.07372   0.02544   0.03823
     2/299       18G   0.06792   0.03224   0.03142    0.1316       112      1024    0.7897   0.06643    0.0541   0.03493   0.07863    0.0203   0.04786
     3/299       18G   0.06643   0.03128   0.03101    0.1287        93      1024    0.6824   0.05277   0.01602  0.003804   0.08815   0.02271   0.06569
     4/299       18G   0.06436   0.03076   0.03022    0.1254       120      1024    0.8464   0.06176   0.05629   0.03058   0.08133   0.01971   0.06177
     5/299       18G   0.06371    0.0304   0.02973    0.1238        89      1024    0.5847    0.1495    0.1038   0.04522   0.07334   0.01727   0.03299
     6/299       18G   0.06345   0.02983   0.02955    0.1228        69      1024    0.3569    0.1116   0.06733    0.0398   0.07282   0.02274   0.03963
     7/299       18G   0.06303   0.03032   0.03009    0.1234        96      1024      0.75   0.07167   0.06189   0.05643   0.07805   0.02587   0.05695
     8/299       18G   0.06318   0.03031   0.03013    0.1236        71      1024    0.6468   0.06594    0.0495   0.03421   0.08614   0.02243     0.066
     9/299       18G   0.06295   0.03009   0.02971    0.1228        65      1024     0.148    0.1425    0.0679   0.04687   0.07345   0.01839   0.03827
    10/299       18G   0.06291   0.03017   0.02973    0.1228        87      1024    0.7873   0.08728   0.07919   0.05634   0.07438   0.02044   0.03973
    11/299       18G   0.06228   0.02988   0.02921    0.1214        69      1024    0.4617   0.09713   0.07568   0.05797   0.07493   0.01897   0.03991
    12/299       18G   0.06224   0.03036   0.02951    0.1221       107      1024    0.8471   0.06645   0.05696   0.05489   0.07932    0.0235   0.05539
    13/299       18G   0.06191    0.0296   0.02912    0.1206        92      1024    0.8639   0.08887   0.06937   0.05851   0.07397   0.02009   0.04104
    14/299       18G   0.06249   0.03007   0.02954    0.1221        99      1024    0.6244    0.1049   0.07069    0.0566   0.07351   0.02062   0.03949
    15/299       18G   0.06195      0.03   0.02998    0.1219        78      1024    0.7224   0.09261   0.07172   0.05807   0.07575    0.0206   0.04055
    16/299       18G   0.06164   0.03032   0.02939    0.1214        78      1024    0.2495    0.1574    0.0949   0.06823   0.07078   0.01935    0.0375
    17/299       18G   0.06182      0.03   0.02977    0.1216        96      1024    0.1821    0.1617   0.09698   0.06507   0.06689   0.01685   0.03202
    18/299       18G   0.06124   0.02997   0.02907    0.1203       146      1024    0.6203   0.09331   0.07812   0.06246   0.07488   0.01983   0.03873
    19/299       18G   0.06076   0.03051   0.02888    0.1201       117      1024    0.5232   0.07378   0.05753   0.05637   0.08749   0.01906   0.06042
    20/299       18G   0.06064   0.03027   0.02863    0.1195       153      1024    0.9137   0.06638   0.06427   0.05648   0.07679   0.01966   0.04398
    21/299       18G   0.06091    0.0299   0.02896    0.1198       106      1024    0.3657     0.181    0.1104    0.0765   0.06518   0.01777   0.03169
    22/299       18G   0.06063   0.03012   0.02895    0.1197        99      1024    0.3448    0.1504   0.09346   0.07107   0.06957    0.0189   0.03482
    23/299       18G   0.06032   0.03004   0.02872    0.1191       116      1024    0.2788    0.1891     0.116   0.07534   0.06796   0.01735   0.03279
    24/299       18G   0.06002    0.0297   0.02864    0.1184        76      1024    0.2819   0.09097   0.05727   0.04938   0.07711   0.02003    0.0558
    25/299       18G   0.05939   0.02895   0.02813    0.1165        94      1024    0.2676    0.1987    0.1091   0.07169   0.06483   0.01773   0.02987
    26/299       18G   0.05947   0.02871   0.02833    0.1165        54      1024    0.3508    0.2018    0.1314   0.07555   0.06304   0.01622    0.0291
    27/299       18G   0.05911   0.02899   0.02765    0.1158       123      1024    0.2498    0.1666    0.1043   0.07454   0.06544   0.01785   0.03171
    28/299       18G   0.05904   0.02881   0.02831    0.1162       120      1024    0.2922    0.1959    0.1179   0.07771   0.06399   0.01701   0.03019
    29/299       18G   0.05884   0.02896   0.02782    0.1156        87      1024    0.2586    0.2282    0.1284   0.08232   0.06137   0.01664   0.02964
    30/299       18G   0.05852   0.02881   0.02796    0.1153       202      1024   0.08453    0.2214    0.0813   0.06702   0.07616   0.02484   0.03759
    31/299       18G   0.05844   0.02879   0.02731    0.1145       105      1024    0.2639     0.141    0.0868   0.06687   0.06968   0.02073    0.0366
    32/299       18G   0.05832   0.02817   0.02744    0.1139        81      1024     0.303     0.183    0.1134   0.07656   0.06445   0.01774   0.03077
    33/299       18G   0.05797   0.02803   0.02727    0.1133       116      1024    0.2707    0.1895    0.1244   0.08226   0.06329    0.0175   0.03044
    34/299       18G   0.05791   0.02805   0.02709     0.113       129      1024    0.3459    0.1307    0.0836   0.06771   0.06987    0.0187   0.03698
    35/299       18G   0.05755   0.02795   0.02716    0.1127        84      1024    0.3161    0.2289    0.1435   0.08794    0.0612   0.01668   0.02857
    36/299       18G   0.05744    0.0282   0.02706    0.1127       101      1024    0.3171    0.1458   0.09344   0.07181   0.06781   0.01979   0.03681
    37/299       18G   0.05752   0.02765   0.02694    0.1121       103      1024    0.1765    0.1752   0.09326   0.07085   0.06714   0.02094    0.0349
    38/299       18G   0.05718   0.02763   0.02713    0.1119        57      1024    0.3444    0.2293    0.1535   0.09303   0.05942   0.01645     0.028
    39/299       18G   0.05702   0.02738   0.02647    0.1109       123      1024    0.2204    0.1904    0.1125   0.07611    0.0643   0.01783   0.03065
    40/299       18G   0.05708   0.02783   0.02706     0.112       121      1024    0.2477    0.2675    0.1423   0.08766   0.06234   0.01611   0.03012
    41/299       18G   0.05742   0.02756   0.02682    0.1118       105      1024    0.2808    0.2272    0.1502   0.09233   0.06029   0.01605   0.02939
    42/299       18G   0.05672   0.02726   0.02709    0.1111        66      1024     0.219     0.265    0.1502   0.09138   0.05982   0.01654   0.02822
    43/299       18G   0.05676   0.02743   0.02646    0.1106        70      1024    0.2437    0.2921    0.1736    0.1019   0.05775   0.01597   0.02761
    44/299       18G   0.05692    0.0274   0.02715    0.1115       125      1024    0.2967    0.2493     0.169   0.09848   0.05827   0.01581   0.02796
    45/299       18G   0.05665   0.02719   0.02698    0.1108       127      1024    0.2781    0.2603     0.171   0.09995   0.05883   0.01585   0.02829
    46/299       18G    0.0568   0.02723   0.02693     0.111        78      1024    0.3473    0.2421    0.1607   0.09382   0.06002   0.01608   0.02851
    47/299       18G   0.05673   0.02729   0.02697     0.111        86      1024    0.3081    0.2251    0.1655   0.09666   0.05933   0.01628   0.02787
    48/299       18G   0.05635   0.02735    0.0267    0.1104        83      1024    0.2393    0.2645      0.17   0.09973   0.05805   0.01579   0.02743
    49/299       18G   0.05639   0.02718   0.02681    0.1104       112      1024    0.2858    0.2325    0.1633   0.09663   0.05832   0.01599   0.02774
    50/299       18G   0.05672   0.02741   0.02697    0.1111       131      1024    0.2816    0.2736    0.1795    0.1027   0.05703   0.01582   0.02729
    51/299       18G    0.0564   0.02709   0.02669    0.1102        99      1024     0.282    0.2687    0.1756    0.1006   0.05773   0.01582   0.02746
    52/299       18G   0.05601   0.02702   0.02632    0.1094        71      1024    0.2452    0.3181    0.1874    0.1053   0.05719   0.01607   0.02723
    53/299       18G   0.05594   0.02694   0.02642    0.1093        63      1024    0.3079    0.2363     0.183    0.1051   0.05735   0.01608   0.02734
    54/299       18G   0.05622   0.02707   0.02613    0.1094       100      1024    0.2209    0.3235    0.1773    0.1028   0.05753   0.01617    0.0273
    55/299       18G   0.05594   0.02711   0.02649    0.1095        83      1024    0.2654    0.2856    0.1809    0.1033   0.05746    0.0158   0.02747
    56/299       18G    0.0557   0.02664   0.02609    0.1084        95      1024    0.3807    0.2481    0.1868    0.1056   0.05696   0.01607    0.0271
    57/299       18G   0.05585   0.02688   0.02638    0.1091       113      1024    0.3076    0.2551    0.1906    0.1078   0.05667   0.01596    0.0271
    58/299       18G   0.05577   0.02682   0.02694    0.1095        98      1024    0.3065    0.2584    0.1875    0.1068   0.05656   0.01592    0.0272
    59/299       18G   0.05598   0.02669   0.02653    0.1092        98      1024    0.3235    0.2423      0.19    0.1079   0.05648   0.01585   0.02711
    60/299       18G   0.05569   0.02699   0.02645    0.1091       127      1024    0.3179    0.2409    0.1865     0.107   0.05663   0.01591   0.02711
    61/299       18G   0.05581   0.02693   0.02621     0.109        69      1024    0.3074    0.2463    0.1893    0.1084   0.05683   0.01585   0.02717
    62/299       18G   0.05639   0.02692    0.0266    0.1099        89      1024    0.2604    0.3102    0.1926    0.1089    0.0567   0.01565   0.02717
    63/299       18G   0.05551   0.02658   0.02592     0.108        96      1024    0.3985    0.2382    0.1926    0.1091   0.05654   0.01565   0.02707
    64/299       18G   0.05569   0.02697   0.02628     0.109        96      1024    0.3873     0.246    0.1958    0.1098   0.05647    0.0157   0.02699
    65/299       18G   0.05568   0.02686   0.02625    0.1088        84      1024    0.3127    0.2428     0.196    0.1098   0.05632   0.01567   0.02697
    66/299       18G    0.0549   0.02622   0.02574    0.1069        84      1024     0.305    0.2444    0.1925    0.1083   0.05647   0.01582   0.02698
    67/299       18G   0.05551   0.02664   0.02633    0.1085        98      1024     0.378    0.2387    0.1918     0.109   0.05628   0.01581   0.02699
    68/299     19.5G   0.05568   0.02663   0.02597    0.1083       121      1024    0.3868    0.2383    0.1933     0.109   0.05642   0.01571   0.02704
    69/299     19.1G   0.05511   0.02639   0.02579    0.1073        82      1024    0.3724     0.249    0.1952    0.1097   0.05631   0.01574   0.02694
    70/299     19.1G   0.05555     0.027   0.02586    0.1084       112      1024    0.3976    0.2307    0.1932    0.1089   0.05644   0.01576   0.02694
    71/299     19.1G   0.05544   0.02675   0.02646    0.1086        93      1024    0.4011    0.2231    0.1891    0.1065   0.05661   0.01593   0.02694
    72/299     19.1G   0.05535   0.02679   0.02633    0.1085       120      1024    0.3885    0.2424    0.1957     0.109   0.05642   0.01572   0.02695
    73/299     19.1G   0.05524    0.0267   0.02611     0.108        89      1024    0.2864    0.2536    0.1926     0.108   0.05643   0.01583   0.02693
    74/299     19.1G   0.05537   0.02612   0.02611    0.1076        69      1024    0.3862     0.236    0.1933    0.1084   0.05635   0.01579   0.02696
    75/299     19.1G   0.05528   0.02654   0.02631    0.1081        96      1024    0.3827    0.2442    0.1938    0.1086   0.05619   0.01571   0.02694
    76/299     19.1G   0.05544    0.0268    0.0265    0.1087        71      1024    0.3748    0.2516    0.1959    0.1091   0.05619   0.01567   0.02693
    77/299     19.1G   0.05561    0.0265   0.02635    0.1085        65      1024    0.3965    0.2416    0.1959    0.1088   0.05621   0.01568   0.02691
    78/299     19.1G   0.05526   0.02643   0.02601    0.1077        87      1024     0.366    0.2549     0.194    0.1084   0.05614    0.0157   0.02688
    79/299     19.1G   0.05512   0.02641   0.02589    0.1074        69      1024     0.394    0.2412    0.1933    0.1086   0.05614   0.01574   0.02689
    80/299     19.1G   0.05497    0.0266   0.02601    0.1076       107      1024    0.3717    0.2493    0.1937    0.1088   0.05616   0.01572   0.02689
    81/299     19.1G   0.05486   0.02593   0.02557    0.1064        92      1024    0.3938    0.2413    0.1944     0.109   0.05615   0.01572   0.02689
    82/299     19.1G   0.05524   0.02635   0.02613    0.1077        99      1024     0.374    0.2532    0.1958    0.1094   0.05614   0.01567   0.02688
    83/299     19.1G   0.05508   0.02653   0.02677    0.1084        78      1024    0.3752    0.2519     0.195    0.1092   0.05612   0.01569   0.02689
    84/299     19.1G    0.0549    0.0264   0.02585    0.1071        78      1024    0.4151    0.2359    0.1959    0.1094   0.05611   0.01568   0.02688
    85/299     19.1G    0.0551   0.02609   0.02628    0.1075        96      1024    0.4034    0.2396    0.1944    0.1091   0.05609    0.0157   0.02691
    86/299     19.1G   0.05495   0.02627   0.02585    0.1071       146      1024    0.3736    0.2538    0.1949    0.1093   0.05607    0.0157   0.02689
    87/299     19.1G   0.05463   0.02673   0.02597    0.1073       117      1024    0.4093    0.2383    0.1957    0.1093    0.0561    0.0157   0.02689
    88/299     19.1G   0.05476   0.02661   0.02558     0.107       153      1024    0.3676    0.2557    0.1921     0.108   0.05605   0.01572    0.0269
    89/299     19.1G   0.05535   0.02636   0.02606    0.1078       106      1024    0.4121    0.2357    0.1922    0.1081     0.056   0.01571   0.02689
    90/299     19.1G   0.05501   0.02657   0.02589    0.1075        99      1024    0.3913    0.2434    0.1933    0.1086   0.05597   0.01572   0.02688
    91/299     19.1G   0.05523    0.0267   0.02613    0.1081       116      1024    0.3621     0.261    0.1949     0.109   0.05596   0.01571   0.02686
    92/299     19.1G   0.05504    0.0264   0.02604    0.1075        76      1024    0.3614    0.2605    0.1957    0.1087   0.05597   0.01569   0.02687
    93/299     19.1G    0.0544   0.02596   0.02563     0.106        94      1024    0.4175     0.236    0.1953    0.1089   0.05596    0.0157   0.02687
    94/299     19.1G    0.0547   0.02581   0.02602    0.1065        54      1024    0.3539    0.2651    0.1953    0.1085   0.05599   0.01569   0.02687
    95/299     19.1G   0.05482   0.02636   0.02558    0.1068       123      1024    0.3476    0.2675    0.1966    0.1089   0.05598   0.01568   0.02685
    96/299     19.1G   0.05477   0.02598   0.02603    0.1068       120      1024    0.3976    0.2422    0.1967    0.1091   0.05599   0.01568   0.02685
    97/299     19.1G   0.05472   0.02635   0.02582    0.1069        87      1024    0.3508    0.2684    0.1969     0.109   0.05603   0.01566   0.02685
    98/299     19.1G   0.05455   0.02607   0.02578    0.1064       202      1024    0.3995    0.2416    0.1976    0.1092   0.05603   0.01567   0.02685
    99/299     19.1G   0.05465   0.02648   0.02551    0.1066       105      1024    0.2814    0.2708    0.1982    0.1093   0.05607   0.01568   0.02685
   100/299     19.1G   0.05473   0.02613   0.02563    0.1065        81      1024     0.401    0.2416    0.1976    0.1092   0.05603   0.01568   0.02684
   101/299     19.1G   0.05473   0.02606   0.02556    0.1063       116      1024    0.3915    0.2445    0.1976    0.1094   0.05607   0.01569   0.02684
   102/299     19.1G   0.05463   0.02616   0.02547    0.1063       129      1024    0.3941     0.244    0.1981    0.1096   0.05606    0.0157   0.02684
   103/299     19.1G   0.05451   0.02609   0.02559    0.1062        84      1024    0.3983    0.2397    0.1978    0.1096   0.05609   0.01572   0.02685
   104/299     19.1G   0.05448   0.02637   0.02562    0.1065       101      1024    0.3949     0.242    0.1976    0.1096   0.05607   0.01577   0.02685
   105/299     19.1G   0.05468   0.02591   0.02538     0.106       103      1024     0.385    0.2458    0.1971    0.1092   0.05608   0.01581   0.02685
   106/299     19.1G   0.05421   0.02585   0.02569    0.1057        57      1024    0.4018    0.2367    0.1964    0.1089   0.05606   0.01582   0.02684
   107/299     19.1G   0.05407   0.02555   0.02502    0.1046       123      1024    0.3982    0.2395    0.1962     0.109   0.05608   0.01583   0.02684
   108/299     19.1G   0.05431   0.02602   0.02571     0.106       121      1024    0.3926    0.2408    0.1952    0.1088   0.05607   0.01585   0.02685
   109/299     19.1G   0.05455   0.02576   0.02523    0.1055       105      1024    0.3814    0.2441    0.1944    0.1085   0.05608    0.0159   0.02685
   110/299     19.1G   0.05454   0.02578   0.02598    0.1063        66      1024    0.3955    0.2397    0.1945    0.1087   0.05612   0.01594   0.02685
   111/299     19.1G   0.05421   0.02569    0.0252    0.1051        70      1024    0.3877    0.2401    0.1938    0.1083   0.05614   0.01597   0.02686
   112/299     19.1G   0.05421    0.0257    0.0258    0.1057       125      1024    0.3866    0.2408    0.1941    0.1083   0.05614   0.01596   0.02686
   113/299     19.1G   0.05424   0.02584   0.02569    0.1058       127      1024    0.3929    0.2383    0.1937    0.1082   0.05615     0.016   0.02687
   114/299     19.1G   0.05462   0.02584   0.02569    0.1061        78      1024    0.3838    0.2397    0.1933    0.1078   0.05615   0.01602   0.02688
   115/299     19.1G   0.05431   0.02592   0.02556    0.1058        86      1024     0.377     0.237    0.1924    0.1077   0.05617   0.01606    0.0269
   116/299     19.1G   0.05394   0.02609   0.02551    0.1055        83      1024    0.3984    0.2322    0.1915    0.1074   0.05622   0.01612   0.02693
   117/299     19.1G   0.05393   0.02582   0.02557    0.1053       112      1024     0.347    0.2534     0.191    0.1073   0.05623   0.01613   0.02694
   118/299     19.1G   0.05435   0.02614   0.02571    0.1062       131      1024    0.3471    0.2519    0.1904    0.1072   0.05624   0.01615   0.02695
   119/299     19.1G   0.05418   0.02569   0.02541    0.1053        99      1024    0.4065    0.2268    0.1902     0.107   0.05625   0.01617   0.02696
   120/299     19.1G   0.05377   0.02566   0.02515    0.1046        71      1024    0.4094     0.226    0.1898    0.1064   0.05629   0.01621   0.02699
   121/299     19.1G   0.05382   0.02568   0.02532    0.1048        63      1024    0.4101    0.2249    0.1892    0.1064    0.0563   0.01621     0.027
   122/299     19.1G    0.0541   0.02587   0.02493    0.1049       100      1024    0.4199    0.2207    0.1882    0.1057   0.05634   0.01627   0.02704
   123/299     19.1G   0.05383   0.02588   0.02528     0.105        83      1024     0.421    0.2197    0.1874    0.1052   0.05639    0.0163   0.02707
   124/299     19.1G   0.05373    0.0254   0.02507    0.1042        95      1024    0.4005    0.2241    0.1866    0.1048   0.05644   0.01635    0.0271
   125/299     19.1G   0.05385   0.02556   0.02529    0.1047       113      1024    0.3932    0.2261    0.1865    0.1047   0.05646   0.01637   0.02712
   126/299     19.1G   0.05403   0.02565   0.02602    0.1057        98      1024    0.3427    0.2498    0.1872    0.1048   0.05643   0.01635   0.02712
   127/299     19.1G     0.054   0.02536   0.02533    0.1047        98      1024    0.3309    0.2553    0.1855    0.1044    0.0565   0.01642   0.02718
   128/299     19.1G   0.05392   0.02585   0.02533    0.1051       127      1024     0.333    0.2563    0.1858    0.1043   0.05648   0.01641   0.02719
   129/299     19.1G   0.05373   0.02575   0.02499    0.1045        69      1024    0.3415    0.2458     0.185    0.1037   0.05651   0.01644   0.02723
   130/299     19.1G   0.05409   0.02577   0.02541    0.1053        89      1024    0.3242    0.2575    0.1843    0.1034   0.05655   0.01648   0.02729
   131/299     19.1G   0.05382   0.02541   0.02488    0.1041        96      1024     0.358    0.2361    0.1843    0.1031   0.05659   0.01651   0.02733
   132/299     19.1G   0.05369   0.02579   0.02522    0.1047        96      1024    0.3402    0.2436    0.1846    0.1031    0.0566   0.01653   0.02735
   133/299     19.1G   0.05365   0.02578   0.02523    0.1047        84      1024    0.3568     0.237    0.1849    0.1032    0.0566   0.01653   0.02738
   134/299     19.1G   0.05298   0.02513   0.02473    0.1028        84      1024    0.3405    0.2427    0.1851    0.1031   0.05659   0.01654   0.02739
   135/299     19.6G   0.05376   0.02557   0.02497    0.1043       121      1024    0.3505    0.2388    0.1853    0.1029   0.05661   0.01657   0.02741
   136/299     19.2G   0.05326   0.02536   0.02476    0.1034        82      1024    0.3688    0.2289    0.1858    0.1029    0.0566   0.01657   0.02742
   137/299     19.2G   0.05384   0.02603    0.0251     0.105       112      1024    0.3721    0.2281    0.1854    0.1029   0.05661   0.01659   0.02744
   138/299     19.2G    0.0536   0.02559   0.02536    0.1046        93      1024    0.3575    0.2344    0.1853    0.1027   0.05663    0.0166   0.02746
   139/299     19.2G    0.0534   0.02575   0.02532    0.1045       120      1024    0.3653    0.2312    0.1857    0.1027   0.05662   0.01662   0.02746
   140/299     19.2G   0.05339   0.02567   0.02511    0.1042        89      1024    0.3594     0.233    0.1851    0.1025   0.05666   0.01664   0.02751
   141/299     19.2G   0.05338   0.02512   0.02505    0.1035        69      1024    0.3612    0.2317    0.1845    0.1023    0.0567   0.01668   0.02757
   142/299     19.2G   0.05357   0.02568   0.02549    0.1047        96      1024    0.3546    0.2336    0.1835    0.1019   0.05674   0.01672    0.0276
   143/299     19.2G   0.05355   0.02566   0.02544    0.1047        71      1024    0.3548    0.2332     0.183    0.1018   0.05675   0.01673   0.02762
   144/299     19.2G   0.05368   0.02546   0.02535    0.1045        65      1024    0.3686    0.2274    0.1818    0.1013   0.05681   0.01678   0.02769
   145/299     19.2G   0.05355   0.02539   0.02509     0.104        87      1024    0.3602    0.2282    0.1811    0.1009   0.05687   0.01683   0.02774
   146/299     19.2G   0.05316   0.02531   0.02488    0.1033        69      1024     0.411    0.2174    0.1804    0.1006   0.05692   0.01687   0.02779
   147/299     19.2G   0.05328   0.02565   0.02512     0.104       107      1024    0.3702    0.2218     0.179       0.1   0.05696    0.0169   0.02784
   148/299     19.2G   0.05295   0.02493   0.02465    0.1025        92      1024     0.397    0.2173    0.1782   0.09991     0.057   0.01693   0.02789
   149/299     19.2G   0.05345   0.02541   0.02518     0.104        99      1024    0.4046    0.2168    0.1779   0.09977   0.05706   0.01695   0.02794
   150/299     19.2G   0.05317   0.02513    0.0254    0.1037        78      1024    0.4193    0.2113    0.1769    0.0994    0.0571   0.01699   0.02799
   151/299     19.2G     0.053   0.02542   0.02497    0.1034        78      1024    0.3387    0.2307    0.1763   0.09929    0.0571   0.01699   0.02801
   152/299     19.2G   0.05321   0.02495   0.02528    0.1034        96      1024    0.3411    0.2285    0.1756   0.09906   0.05717   0.01702   0.02807
   153/299     19.2G   0.05313    0.0252   0.02496    0.1033       146      1024    0.3355    0.2295    0.1742   0.09841   0.05732   0.01711   0.02819
   154/299     19.2G   0.05293   0.02573   0.02485    0.1035       117      1024    0.4256    0.2098     0.174   0.09853   0.05729   0.01708   0.02819
   155/299     19.2G   0.05286   0.02554   0.02461     0.103       153      1024    0.3433    0.2257    0.1733   0.09825   0.05734   0.01709   0.02825
   156/299     19.2G   0.05353   0.02545   0.02518    0.1042       106      1024    0.3364    0.2289     0.173   0.09801   0.05738   0.01711    0.0283
   157/299     19.2G   0.05337    0.0256   0.02503     0.104        99      1024    0.3366    0.2276    0.1733   0.09798   0.05739   0.01713    0.0283
   158/299     19.2G   0.05318    0.0256   0.02503    0.1038       116      1024    0.4397    0.2077    0.1735   0.09806   0.05741   0.01713    0.0283
   159/299     19.2G   0.05329   0.02545   0.02503    0.1038        76      1024    0.4552    0.2062    0.1726   0.09765   0.05746   0.01716   0.02835
   160/299     19.2G   0.05279   0.02498   0.02476    0.1025        94      1024    0.3851    0.2135    0.1719   0.09757    0.0575   0.01719    0.0284
   161/299     19.2G   0.05305   0.02478   0.02498    0.1028        54      1024    0.3813    0.2137     0.172   0.09748    0.0575    0.0172    0.0284
   162/299     19.2G   0.05297   0.02525   0.02457    0.1028       123      1024    0.3984    0.2096    0.1715   0.09736   0.05753   0.01724   0.02845
   163/299     19.2G   0.05298     0.025   0.02511    0.1031       120      1024    0.3459     0.221    0.1701   0.09688   0.05761   0.01728   0.02852
   164/299     19.2G    0.0528   0.02537   0.02477    0.1029        87      1024    0.3479     0.221    0.1701    0.0968   0.05763    0.0173   0.02853
   165/299     19.2G    0.0528   0.02498   0.02476    0.1025       202      1024    0.3581     0.218      0.17   0.09683   0.05762   0.01729   0.02853
   166/299     19.2G   0.05296    0.0256   0.02464    0.1032       105      1024    0.3517    0.2203    0.1695   0.09651   0.05771   0.01733   0.02861
   167/299     19.2G   0.05283   0.02511   0.02455    0.1025        81      1024    0.3515    0.2216    0.1699   0.09662    0.0577    0.0173   0.02862
   168/299     19.2G   0.05282   0.02508   0.02464    0.1025       116      1024    0.3617    0.2165    0.1683     0.096   0.05777   0.01734   0.02868
   169/299     19.2G   0.05282   0.02502   0.02447    0.1023       129      1024    0.3621    0.2152    0.1675   0.09595   0.05781   0.01738   0.02872
   170/299     19.2G   0.05263   0.02499    0.0246    0.1022        84      1024    0.3547    0.2177     0.167   0.09578   0.05784   0.01741   0.02876
   171/299     19.2G   0.05263   0.02542   0.02467    0.1027       101      1024    0.3627    0.2154    0.1682   0.09605   0.05779   0.01736   0.02874
   172/299     19.2G   0.05272   0.02468   0.02445    0.1018       103      1024    0.3531    0.2177    0.1671   0.09572   0.05784    0.0174   0.02879
   173/299     19.2G   0.05242   0.02484   0.02472     0.102        57      1024    0.3346    0.2242    0.1658   0.09539   0.05794   0.01744   0.02888
   174/299     19.2G    0.0523   0.02454   0.02404    0.1009       123      1024    0.3376    0.2216    0.1645   0.09493   0.05802   0.01749   0.02896
   175/299     19.2G   0.05243   0.02503   0.02477    0.1022       121      1024    0.3299    0.2251    0.1644   0.09476   0.05809   0.01752   0.02903
   176/299     19.2G   0.05266   0.02467   0.02416    0.1015       105      1024    0.3271    0.2233     0.164   0.09445   0.05815   0.01757    0.0291
   177/299     19.2G   0.05261   0.02468   0.02489    0.1022        66      1024    0.3203    0.2199    0.1624   0.09405   0.05821   0.01763   0.02915
   178/299     19.2G   0.05255   0.02476   0.02424    0.1015        70      1024    0.3189    0.2267    0.1634    0.0945   0.05811   0.01753   0.02908
   179/299     19.2G   0.05251   0.02472   0.02488    0.1021       125      1024    0.3262    0.2245    0.1644   0.09486   0.05805    0.0175   0.02903
   180/299     19.2G    0.0522   0.02474   0.02465    0.1016       127      1024    0.3121    0.2285    0.1628   0.09422   0.05817   0.01761   0.02913
   181/299     19.2G   0.05259   0.02494   0.02471    0.1022        78      1024    0.3299    0.2129     0.162   0.09393   0.05827   0.01768   0.02922
   182/299     19.2G   0.05251   0.02493   0.02465    0.1021        86      1024    0.3232    0.2252    0.1635   0.09455    0.0581   0.01758   0.02907
   183/299     19.2G   0.05229   0.02501   0.02455    0.1019        83      1024    0.3206    0.2273    0.1648   0.09504     0.058   0.01749     0.029
   184/299     19.2G   0.05233   0.02484   0.02461    0.1018       112      1024    0.3256    0.2246    0.1656   0.09538   0.05796   0.01744   0.02895
   185/299     19.2G   0.05245   0.02496   0.02466    0.1021       131      1024      0.33    0.2262    0.1668   0.09601    0.0579    0.0174    0.0289
   186/299     19.2G   0.05245   0.02487   0.02458    0.1019        99      1024    0.3444     0.224    0.1683   0.09651   0.05781   0.01734   0.02884
   187/299     19.2G   0.05195   0.02469   0.02419    0.1008        71      1024    0.3415     0.224    0.1683   0.09655   0.05776   0.01734   0.02878
   188/299     19.2G   0.05198   0.02462   0.02427    0.1009        63      1024    0.3405    0.2238    0.1686   0.09672   0.05773   0.01731   0.02875
   189/299     19.2G   0.05216    0.0248   0.02407     0.101       100      1024    0.3503    0.2206    0.1701   0.09725   0.05768   0.01727    0.0287
   190/299     19.2G   0.05202   0.02481    0.0242     0.101        83      1024    0.3414     0.224    0.1694    0.0972   0.05771   0.01731   0.02871
   191/299     19.2G   0.05178   0.02441   0.02419    0.1004        95      1024    0.3412     0.225    0.1711   0.09763   0.05765   0.01726   0.02865
   192/299     19.2G   0.05203   0.02461   0.02437     0.101       113      1024    0.3413    0.2243    0.1704   0.09748   0.05766   0.01729   0.02862
   193/299     19.2G    0.0521   0.02463   0.02501    0.1017        98      1024    0.3437     0.223    0.1696   0.09707   0.05775   0.01736    0.0287
   194/299     19.2G   0.05203   0.02424   0.02427    0.1005        98      1024    0.3396    0.2249    0.1687   0.09671   0.05783   0.01743   0.02875
   195/299     19.2G   0.05196   0.02472   0.02433     0.101       127      1024    0.3423    0.2222    0.1695   0.09708   0.05775   0.01736   0.02867
   196/299     19.2G   0.05181   0.02457   0.02396    0.1003        69      1024    0.3341    0.2254    0.1695   0.09712   0.05775   0.01737   0.02868
   197/299     19.2G   0.05217   0.02471   0.02438    0.1013        89      1024    0.3363    0.2246    0.1697   0.09709   0.05775    0.0174   0.02865
   198/299     19.2G   0.05184    0.0245     0.024    0.1003        96      1024     0.354     0.216    0.1696   0.09713   0.05777   0.01741   0.02864
   199/299     19.2G   0.05175   0.02469   0.02423    0.1007        96      1024    0.3262    0.2305    0.1708   0.09745   0.05775   0.01739   0.02861
   200/299     19.2G   0.05181   0.02476   0.02422    0.1008        84      1024    0.3434    0.2184    0.1699   0.09712   0.05782   0.01744   0.02867
   201/299     19.2G   0.05118    0.0239   0.02372    0.0988        84      1024    0.3586    0.2169    0.1711   0.09765   0.05774    0.0174   0.02859
   202/299     19.6G   0.05194   0.02451   0.02396    0.1004       121      1024    0.3606    0.2163    0.1711   0.09785   0.05774    0.0174   0.02857
