     0/199     17.9G   0.09607   0.04092   0.05812    0.1951       277       512 0.0003866   0.04619 0.0005078 6.974e-05    0.0928   0.02821   0.05584
     1/199     17.8G    0.0837   0.04069    0.0511    0.1755       237       512    0.5127      0.02  0.003666 0.0007862   0.09817   0.02448   0.06483
     2/199     17.8G   0.07993   0.03872   0.04595    0.1646       379       512    0.4191   0.08811   0.01099  0.002068   0.09797   0.07426   0.06479
     3/199     17.8G   0.07633   0.03711   0.04386    0.1573       318       512    0.3598    0.1245   0.02057  0.003689   0.09702   0.03636   0.05393
     4/199     17.8G   0.07447   0.03642   0.04205    0.1529       276       512    0.3978    0.1603   0.05521   0.01274   0.08057    0.0323   0.04523
     5/199     17.8G   0.07241    0.0359   0.04087    0.1492       255       512    0.2405    0.1046   0.02267  0.005712   0.09417   0.06794   0.05295
     6/199     17.8G   0.07125   0.03568   0.04046    0.1474       252       512    0.2362   0.08825   0.01258  0.002374   0.09825   0.02959   0.07717
     7/199     17.8G   0.06967   0.03656   0.03936    0.1456       372       512    0.3385   0.06553   0.01318  0.003185   0.09692   0.06865   0.04791
     8/199     17.8G    0.0695   0.03575   0.03897    0.1442       300       512    0.1076   0.03824  0.000646 0.0001527    0.1033   0.06921    0.1151
     9/199     17.8G   0.06943   0.03681   0.03828    0.1445       320       512    0.2351   0.04041   0.01024  0.002397   0.09095   0.03941   0.06388
    10/199     17.8G   0.06861   0.03622   0.03802    0.1429       341       512    0.2092   0.08903  0.003388 0.0007972     0.095   0.04796   0.07353
    11/199     17.8G   0.06891   0.03542   0.03845    0.1428       267       512    0.0347    0.1458   0.01442  0.003951   0.08698   0.03725    0.0552
    12/199     17.8G   0.06867    0.0363   0.03831    0.1433       416       512    0.2246   0.01093  0.001745 0.0004537    0.1004   0.03172   0.08512
    13/199     17.8G   0.06816   0.03727   0.03857     0.144       244       512    0.5079  0.002013 0.0005042  0.000117    0.0931   0.03727   0.07313
    14/199     17.8G   0.06884   0.03553   0.03809    0.1425       335       512    0.2111  0.003062 5.676e-05  1.14e-05       nan       nan       nan
    15/199     17.8G   0.06913   0.03769   0.03806    0.1449       340       512   0.02362    0.1334   0.01194   0.00254    0.1003   0.04298    0.3194
    16/199     17.8G   0.06771   0.03577   0.03768    0.1412       288       512    0.1391    0.1224   0.02083  0.005215   0.09358   0.05138   0.05199
    17/199     17.8G   0.07101   0.03791   0.04152    0.1504       255       512         0         0         0         0       nan       nan       nan
    18/199     17.8G   0.08811   0.04313   0.05436    0.1856       261       512         0         0         0         0       nan       nan       nan
    19/199     17.8G   0.08606   0.04159   0.05097    0.1786       218       512         0         0         0         0       nan       nan       nan
    20/199     17.8G   0.08291   0.04177    0.0482    0.1729       281       512     0.401   0.01089 0.0001218 2.511e-05    0.1137   0.02945    0.2999
    21/199     17.8G   0.08166   0.04167   0.04632    0.1697       231       512  8.53e-05   0.01593 9.013e-06 1.444e-06   0.09566    0.0268   0.06511
    22/199     17.8G   0.08069    0.0399   0.04486    0.1654       319       512    0.1042   0.03466 0.0005506 0.0001048   0.08871   0.02842   0.05728
    23/199     17.8G   0.07861   0.04094   0.04508    0.1646       274       512    0.3094   0.03581  0.004747  0.001266   0.08717   0.02779    0.0554
    24/199     17.8G   0.07926   0.03974   0.04473    0.1637       273       512    0.1129   0.07168  0.005442  0.001391   0.08624   0.02911     0.055
    25/199     17.8G    0.0773   0.03995   0.04446    0.1617       237       512    0.3476    0.1158   0.01088  0.002391   0.08724   0.02948   0.05037
    26/199     17.8G   0.07702   0.04024   0.04359    0.1608       375       512    0.3037    0.1128   0.00142 0.0002684   0.08892   0.05138   0.05671
    27/199     17.8G   0.07662   0.03958   0.04342    0.1596       301       512     0.127    0.1122  0.008869  0.001859   0.08535   0.02761   0.05032
    28/199     17.8G   0.07579    0.0395   0.04284    0.1581       311       512    0.3976    0.1229   0.04499   0.01054   0.07796   0.02851    0.0429
    29/199     17.8G   0.07485   0.03886   0.04227     0.156       322       512    0.1206    0.1792  0.008096  0.002025   0.08413   0.04088    0.0505
    30/199     17.8G   0.07475    0.0385   0.04226    0.1555       306       512    0.3803    0.0901   0.02311  0.005399   0.08196   0.02803   0.04461
    31/199     17.8G   0.07392   0.03784    0.0421    0.1539       250       512    0.3343    0.1269   0.05836   0.01465   0.07532   0.02493   0.04274
    32/199     17.8G   0.07322   0.03814   0.04107    0.1524       311       512    0.3935   0.09718   0.04102    0.0109   0.07739   0.02741   0.04386
    33/199     17.8G   0.07335   0.03835   0.04154    0.1532       248       512   0.03069   0.05305  0.002966  0.001002   0.09252   0.02703   0.06355
    34/199     17.8G   0.07283   0.03806    0.0411     0.152       383       512     0.309   0.06803    0.0279  0.006584   0.08418   0.02631   0.04856
    35/199     17.8G   0.07265   0.03748   0.04088     0.151       304       512    0.2245    0.1141   0.04167   0.01001    0.0774   0.02574   0.04595
    36/199     17.8G   0.07194   0.03651   0.04064    0.1491       279       512    0.8303   0.01981   0.01061  0.002456   0.08485   0.03131   0.05151
    37/199     17.8G   0.07159   0.03698   0.04041     0.149       251       512    0.3633    0.1443   0.08007   0.02146   0.07709    0.0269   0.04062
    38/199     17.8G   0.07097   0.03709   0.04053    0.1486       298       512     0.273    0.1831   0.04389   0.01008   0.07921   0.02792   0.04509
    39/199     17.8G   0.07193   0.03626   0.04009    0.1483       245       512   0.05762    0.1331    0.0267  0.006851   0.07858   0.02801   0.04634
    40/199     17.8G   0.07148    0.0375      0.04     0.149       311       512    0.1619    0.1371   0.03983   0.01029    0.0793   0.02707   0.04458
    41/199     17.8G   0.07064   0.03697   0.03965    0.1473       310       512    0.1695    0.1584   0.04486   0.01181    0.0764   0.02492   0.04332
    42/199     17.8G   0.07064   0.03699   0.03928    0.1469       323       512    0.3445    0.1512   0.06591   0.01674   0.07755   0.02746   0.04523
    43/199     17.8G   0.07043   0.03704   0.03903    0.1465       269       512    0.8079  0.008054  0.002183 0.0004416    0.1285    0.1107     4.418
    44/199     17.8G   0.07011   0.03727   0.03966     0.147       254       512  0.005984   0.02059 0.0003912 9.542e-05   0.08715    0.4345   0.07153
    45/199     17.8G   0.07045    0.0362   0.03987    0.1465       290       512   0.04281    0.1799   0.03087  0.007424   0.07952   0.02592   0.05213
    46/199     17.8G   0.06955   0.03643   0.03907    0.1451       285       512    0.3081   0.04955   0.02519  0.005955   0.08345   0.03008   0.05411
    47/199     17.8G   0.06913   0.03663   0.03883    0.1446       319       512     0.319    0.1408   0.06611   0.01769   0.07536   0.02413   0.04026
    48/199     17.8G   0.06942   0.03667    0.0386    0.1447       272       512   0.05083   0.06362   0.01329  0.003398   0.08617   0.02497   0.05643
    49/199     17.8G   0.06909   0.03656   0.03888    0.1445       280       512    0.3153    0.1882   0.07852   0.02177   0.07256   0.02484   0.04045
    50/199     17.8G   0.06909   0.03682   0.03905     0.145       316       512    0.1356    0.1868   0.05439   0.01509   0.07725   0.02523   0.04426
    51/199     17.8G   0.06888   0.03655   0.03892    0.1444       366       512     0.322    0.1417   0.05808   0.01633    0.0769   0.02748   0.04229
    52/199     17.8G   0.06811   0.03621    0.0384    0.1427       337       512    0.2916    0.1957   0.06783   0.01782   0.07622   0.02717   0.04368
    53/199     17.8G    0.0686   0.03633   0.03855    0.1435       284       512   0.06619    0.1516   0.03535  0.009908   0.07951   0.02802   0.04952
    54/199     17.8G   0.06785   0.03565   0.03812    0.1416       307       512     0.358    0.1358   0.05345   0.01369   0.07484   0.02714   0.04533
    55/199     17.8G   0.06885   0.03641   0.03788    0.1431       286       512    0.4348   0.08972   0.01852  0.005328   0.08599   0.02988   0.06882
    56/199     17.8G   0.06923   0.03616    0.0383    0.1437       297       512    0.1836    0.1514   0.05085   0.01291   0.07556   0.02662   0.04372
    57/199     17.8G   0.06754   0.03588   0.03842    0.1418       342       512    0.1114    0.2332   0.07191   0.01912   0.07571   0.02618   0.04347
    58/199     17.8G    0.0688   0.03627   0.03839    0.1435       280       512    0.3474   0.03567   0.01617  0.004578   0.08188   0.03087   0.05453
    59/199     17.8G   0.06767   0.03579   0.03783    0.1413       365       512    0.2455    0.1857   0.06689   0.01869   0.07722   0.02515   0.04476
    60/199     17.8G   0.06708    0.0375   0.03747     0.142       346       512     0.256    0.1561   0.08291   0.02275   0.07281   0.02585   0.04025
    61/199     17.8G   0.06722   0.03642   0.03773    0.1414       441       512    0.4538   0.04115   0.01644  0.003753   0.08134   0.03067   0.05505
    62/199     17.8G   0.06703   0.03551   0.03771    0.1402       251       512    0.2585    0.1313   0.02418  0.006208   0.08158   0.02828   0.05494
    63/199     17.8G   0.06736   0.03626   0.03786    0.1415       307       512    0.1105    0.1555   0.05568    0.0137   0.07458   0.02713   0.04326
    64/199     17.8G   0.06719   0.03544   0.03737      0.14       334       512    0.2275    0.1356   0.05457   0.01574   0.07707   0.02784   0.04427
    65/199     17.8G   0.06731   0.03596   0.03749    0.1408       293       512   0.02744   0.04013   0.00626  0.001769   0.08775   0.03227   0.06112
    66/199     17.8G   0.06749   0.03539   0.03754    0.1404       251       512    0.1759    0.1204   0.02665  0.006182   0.08874     0.028   0.06408
    67/199     17.8G   0.06761   0.03524   0.03841    0.1413       236       512    0.3039   0.06125   0.02998  0.007146   0.08064   0.02855   0.04939
    68/199     17.8G   0.06716   0.03605   0.03787    0.1411       334       512    0.2177    0.0707   0.02523  0.006279   0.08512    0.0293   0.04906
    69/199     17.8G   0.06675   0.03603   0.03712    0.1399       338       512    0.1677    0.2132    0.1148   0.03271   0.07146   0.02472    0.0403
    70/199     17.8G   0.06666   0.03645   0.03697    0.1401       390       512    0.2982    0.1114   0.05262   0.01485   0.07457   0.02983   0.04473
    71/199     17.8G   0.06678   0.03618   0.03684    0.1398       290       512    0.2943    0.2069    0.1005   0.02795   0.07355   0.02402   0.03935
    72/199     17.8G   0.06715   0.03598   0.03673    0.1399       298       512    0.2597   0.09943   0.03044  0.009199   0.07807   0.02868    0.0452
    73/199     17.8G   0.06797   0.03514   0.03718    0.1403       277       512    0.3282    0.1048   0.03759  0.009083   0.08447   0.02607   0.04516
    74/199     17.8G   0.06537   0.03478   0.03701    0.1372       283       512    0.2935    0.1778   0.09342   0.02621   0.07141   0.02757   0.04104
    75/199     17.8G   0.06652   0.03593   0.03688    0.1393       296       512   0.09134   0.09885   0.03591   0.01008   0.07832   0.02869   0.04884
    76/199     17.8G   0.06712   0.03581     0.037    0.1399       284       512    0.3122    0.1473   0.06124   0.01709   0.08003   0.02426    0.0441
    77/199     17.8G   0.06648    0.0359    0.0376      0.14       257       512   0.09618    0.1684   0.04903   0.01236    0.0764   0.02617   0.04952
    78/199     17.8G   0.06612   0.03605   0.03621    0.1384       278       512      0.28   0.09925   0.03195  0.009051   0.08209   0.02938   0.06551
    79/199     17.8G   0.06611   0.03491   0.03722    0.1382       252       512    0.3327    0.1754    0.1196   0.03502   0.07025   0.02353   0.03795
    80/199     17.8G   0.06676   0.03574   0.03736    0.1399       300       512     0.062    0.1062   0.03505   0.01068   0.09634   0.02135    0.0654
    81/199     17.8G   0.06618   0.03604    0.0368     0.139       270       512    0.2649    0.2099    0.1229   0.03707    0.0702   0.02327   0.03916
    82/199     17.8G   0.06573   0.03544    0.0373    0.1385       334       512    0.2235   0.02441  0.006177  0.002142   0.09106   0.02773   0.06497
    83/199     17.8G   0.06591   0.03579   0.03664    0.1383       346       512    0.2268    0.2437    0.1393   0.04413   0.06862   0.02517   0.03842
    84/199     17.8G   0.06557   0.03589   0.03677    0.1382       267       512    0.2874    0.1108   0.06214   0.01808   0.07512   0.02962   0.04428
    85/199     17.8G   0.06575   0.03548    0.0368     0.138       227       512    0.1787    0.2394   0.06507   0.01847   0.07424   0.02684   0.04151
    86/199     17.8G   0.06567   0.03486   0.03663    0.1372       305       512    0.1865    0.1811   0.07625   0.02034   0.07487   0.02709   0.04306
    87/199     17.8G   0.06569   0.03635   0.03672    0.1388       289       512    0.2996    0.1668    0.1006    0.0275   0.07534   0.02561   0.04348
    88/199     17.8G    0.0659   0.03525   0.03654    0.1377       312       512    0.1762    0.1108   0.03876      0.01    0.0773   0.02786   0.04619
    89/199     17.8G   0.06544   0.03553    0.0358    0.1368       276       512    0.1373    0.1773   0.07934   0.02228   0.07496   0.02404   0.04307
    90/199     17.8G   0.06519   0.03601   0.03567    0.1369       321       512    0.3734   0.08677    0.0561   0.01704   0.07514   0.02884   0.04682
    91/199     17.8G   0.06499   0.03516   0.03629    0.1364       281       512    0.2207    0.2182    0.1299   0.03697   0.07057   0.02423   0.03867
    92/199     17.8G   0.06515   0.03477    0.0362    0.1361       307       512    0.1617    0.1671   0.08334   0.02404   0.07506    0.0246   0.04205
    93/199     17.8G   0.06522   0.03562   0.03671    0.1376       271       512    0.1306    0.1997   0.07921   0.02223   0.07367   0.02806   0.04286
    94/199     17.8G     0.065   0.03594    0.0361     0.137       339       512     0.175   0.04595   0.01793  0.004703   0.08153   0.03623   0.06194
    95/199     17.8G   0.06551   0.03469    0.0358     0.136       265       512    0.1847    0.1068   0.02203  0.005769   0.08083   0.03065   0.05319
    96/199     17.8G   0.06426   0.03587   0.03587     0.136       233       512    0.2755    0.2027    0.1319   0.04106   0.06839     0.026   0.03819
    97/199     17.8G   0.06509    0.0351   0.03651    0.1367       281       512    0.2206    0.2264    0.1263   0.03574    0.0692   0.02447    0.0379
    98/199     17.8G   0.06439   0.03468   0.03618    0.1353       286       512    0.1887    0.2615    0.0836   0.02401   0.07076   0.02624   0.04263
    99/199     17.8G   0.06511    0.0351   0.03579     0.136       349       512    0.2819    0.2048    0.1463    0.0423   0.07032    0.0242   0.03793
   100/199     17.8G     0.064   0.03538   0.03503    0.1344       287       512    0.1946    0.1689   0.05518    0.0166   0.07608   0.02883   0.04665
   101/199     17.8G   0.06451   0.03517   0.03624    0.1359       208       512    0.3121    0.2293     0.143   0.04599   0.06901   0.02344   0.03749
   102/199     17.8G   0.06472   0.03579   0.03544     0.136       296       512    0.2111    0.1983    0.1095   0.03141    0.0698   0.02475    0.0386
   103/199     17.8G   0.06422   0.03507   0.03582    0.1351       270       512    0.2443    0.2148    0.1385   0.04191   0.07133   0.02394   0.03936
   104/199     17.8G   0.06448   0.03531   0.03586    0.1356       285       512     0.202    0.1886    0.1085   0.03039   0.06899   0.02562   0.03987
   105/199     17.8G   0.06457   0.03652   0.03635    0.1374       353       512    0.2348    0.1524   0.05942    0.0171   0.07576   0.02605   0.05375
   106/199     17.8G   0.06391   0.03549   0.03532    0.1347       309       512    0.3004    0.1977    0.1171   0.03605   0.06966   0.02507   0.04115
   107/199     17.8G   0.06476   0.03506   0.03563    0.1354       340       512    0.3012    0.2139     0.113   0.03425   0.07031   0.02443   0.03995
   108/199     17.8G     0.064   0.03562   0.03571    0.1353       284       512    0.2784    0.2162    0.1241   0.03735   0.06799   0.02426   0.03914
   109/199     17.8G   0.06435   0.03641   0.03552    0.1363       336       512    0.2587    0.2214    0.1651    0.0506   0.06647   0.02301     0.036
   110/199     17.8G   0.06367   0.03492   0.03542     0.134       279       512    0.2556    0.1121   0.05205   0.01433   0.08313   0.02834   0.07289
   111/199     17.8G   0.06395   0.03574   0.03591    0.1356       276       512    0.1321    0.2414   0.09743   0.03001   0.07083    0.0261   0.04111
   112/199     17.8G   0.06351   0.03515   0.03567    0.1343       309       512    0.2285    0.2504    0.1537   0.04595   0.06772   0.02346   0.03664
   113/199     17.8G   0.06373   0.03473   0.03537    0.1338       270       512    0.1408    0.2313     0.103   0.03161    0.0702   0.02736   0.04046
   114/199     17.8G   0.06341    0.0363   0.03545    0.1352       332       512    0.2388    0.2277    0.1563   0.05158   0.06745   0.02376   0.03742
   115/199     17.8G   0.06313   0.03494    0.0352    0.1333       280       512    0.2366    0.1253   0.06035   0.01757   0.07412   0.02592   0.04342
   116/199     17.8G   0.06339    0.0357   0.03508    0.1342       259       512    0.2747    0.1619   0.06405   0.01978    0.0809   0.02799   0.04506
   117/199     17.8G   0.06301   0.03536   0.03515    0.1335       361       512    0.2609    0.2898    0.1742   0.05349   0.07009   0.02285   0.03807
   118/199     17.8G   0.06367   0.03543   0.03502    0.1341       379       512    0.2691    0.2133    0.1153    0.0343   0.07331   0.02296    0.0432
   119/199     17.8G   0.06308   0.03514   0.03492    0.1331       261       512    0.2313    0.2987    0.1834   0.06325    0.0663   0.02252   0.03536
   120/199     17.8G   0.06265   0.03581   0.03457     0.133       306       512    0.2093    0.2531    0.1444   0.04359   0.06763    0.0235   0.03667
   121/199     17.8G   0.06271   0.03465   0.03521    0.1326       253       512      0.24    0.2344    0.1205   0.03645   0.06779   0.02415   0.03971
   122/199     17.8G   0.06338   0.03429   0.03516    0.1328       274       512    0.2451    0.2433    0.1415   0.04478   0.06818   0.02477   0.03848
   123/199     17.8G   0.06286   0.03543   0.03491    0.1332       316       512    0.1852    0.2566    0.1376   0.04316   0.06746   0.02575   0.03941
   124/199     17.8G   0.06302    0.0349   0.03536    0.1333       378       512    0.2365    0.2912    0.1826   0.05567   0.06513   0.02253   0.03626
   125/199     17.8G   0.06307   0.03507   0.03454    0.1327       320       512    0.3034    0.2422    0.1563   0.04691   0.06746   0.02308   0.03697
   126/199     17.8G    0.0623   0.03497   0.03474     0.132       358       512    0.2626    0.1094   0.03329  0.009169   0.07673   0.02917   0.04737
   127/199     17.8G   0.06241   0.03529   0.03483    0.1325       356       512    0.2448    0.2544    0.1407   0.04246    0.0676   0.02581   0.03817
   128/199     17.8G   0.06296   0.03471   0.03459    0.1323       366       512    0.1866    0.1827   0.07693   0.02252   0.07729   0.02673   0.04662
   129/199     17.8G   0.06329     0.035   0.03583    0.1341       267       512    0.2535    0.1927    0.1155   0.03445   0.07025   0.02551   0.04137
   130/199     17.8G   0.06279   0.03567   0.03488    0.1333       413       512    0.2554     0.201    0.1388   0.04387   0.07196   0.02342   0.03903
   131/199     17.8G   0.06228   0.03441   0.03497    0.1317       283       512    0.2612    0.2542    0.1665   0.05362   0.06455   0.02416   0.03584
   132/199     17.8G   0.06225   0.03499   0.03516    0.1324       327       512    0.2941    0.2663    0.1782   0.05945   0.06394   0.02369   0.03623
   133/199     17.8G   0.06218   0.03516   0.03445    0.1318       347       512    0.2631    0.2894    0.2015   0.06682   0.06271   0.02245   0.03483
   134/199     17.8G   0.06197   0.03502    0.0345    0.1315       241       512    0.2372    0.2534    0.1624   0.05375    0.0654   0.02588   0.03695
   135/199     17.8G   0.06197   0.03577    0.0344    0.1321       352       512    0.3083     0.261    0.2035    0.0644   0.06486   0.02233   0.03501
   136/199     17.8G   0.06091   0.03471   0.03445    0.1301       328       512    0.2433     0.316    0.2041   0.06866   0.06369   0.02244   0.03583
   137/199     17.8G   0.06162   0.03443    0.0347    0.1307       323       512     0.168     0.184   0.08715   0.02716   0.07057   0.03001   0.04316
   138/199     17.8G   0.06158   0.03496   0.03456    0.1311       346       512    0.3059    0.2777    0.2071   0.06983   0.06348   0.02228   0.03555
   139/199     17.8G   0.06164   0.03385   0.03433    0.1298       327       512    0.3064    0.2688    0.1945   0.06331   0.06707   0.02201   0.03542
   140/199     17.8G   0.06189   0.03493   0.03439    0.1312       282       512    0.2742    0.2082    0.1566   0.05054    0.0642   0.02409   0.03625
   141/199     17.8G    0.0612   0.03508   0.03404    0.1303       300       512    0.2786    0.2315    0.1642   0.05132   0.06521   0.02538   0.03591
   142/199     17.8G   0.06175   0.03446   0.03454    0.1307       353       512    0.2676    0.2883    0.1895   0.05951   0.06475    0.0244   0.03733
   143/199     17.8G   0.06175   0.03452    0.0341    0.1304       345       512    0.2711    0.2569    0.1795   0.05843   0.06751   0.02292     0.038
   144/199     17.8G   0.06079   0.03412    0.0339    0.1288       303       512    0.1934    0.2294    0.1239   0.04058   0.07107   0.02483   0.04197
   145/199     17.8G   0.06092   0.03426   0.03411    0.1293       361       512    0.2588    0.1931    0.1361   0.04121   0.07325   0.02948   0.03918
   146/199     17.8G   0.06123   0.03436   0.03368    0.1293       296       512    0.2444    0.2502    0.1676   0.04892   0.06601    0.0235    0.0375
   147/199     17.8G   0.06167   0.03439   0.03418    0.1302       358       512    0.2352    0.2954    0.1846   0.06016   0.06385   0.02466   0.03531
   148/199     17.8G    0.0608   0.03364   0.03359     0.128       289       512    0.2006    0.1846    0.1073   0.03204   0.06924   0.02973   0.03842
   149/199     17.8G   0.06098   0.03414   0.03424    0.1294       390       512    0.2624    0.2595    0.1717   0.05865   0.06634   0.02469    0.0365
   150/199     17.8G   0.06033   0.03433   0.03366    0.1283       264       512    0.2609    0.3064    0.2021   0.06521   0.06379    0.0219   0.03444
   151/199     17.8G   0.06072   0.03436   0.03374    0.1288       338       512    0.2713    0.3133    0.2275   0.07288   0.06366   0.02234   0.03471
   152/199     17.8G   0.06015   0.03434   0.03348     0.128       300       512    0.2584    0.2996    0.1925    0.0632   0.06359   0.02201   0.03391
   153/199     17.8G   0.06038   0.03481   0.03359    0.1288       287       512    0.3211    0.2592    0.2105   0.07203    0.0628   0.02262   0.03433
   154/199     17.8G   0.06003   0.03436   0.03396    0.1284       245       512    0.3298     0.243    0.2017   0.06398   0.06548   0.02226   0.03514
   155/199     17.8G   0.06062   0.03425   0.03383    0.1287       298       512    0.2762    0.2792    0.1911   0.06397   0.06503   0.02245    0.0353
   156/199     17.8G   0.06039   0.03379   0.03387     0.128       320       512    0.2448    0.3146    0.1833   0.06299   0.06342   0.02261    0.0368
   157/199     17.8G   0.05979   0.03375   0.03318    0.1267       302       512    0.2823    0.2857    0.2145   0.07349   0.06365   0.02255   0.03482
   158/199     17.8G   0.05946   0.03408    0.0336    0.1271       309       512    0.2207    0.2593      0.17    0.0549   0.06458     0.026   0.03615
   159/199     17.8G   0.05998   0.03422   0.03327    0.1275       341       512    0.1866    0.1812   0.09384   0.02827   0.07283   0.02637   0.04588
   160/199     17.8G   0.05992    0.0338   0.03336    0.1271       352       512    0.3298    0.2599    0.2076   0.06737   0.06372   0.02259   0.03467
   161/199     17.8G   0.05968   0.03431   0.03302     0.127       350       512    0.4131    0.1512    0.1105   0.03697   0.07075   0.02873   0.04197
   162/199     17.8G   0.05971   0.03403   0.03284    0.1266       360       512    0.3127     0.276    0.2298   0.07863   0.06228   0.02336   0.03395
   163/199     17.8G   0.05923   0.03341   0.03302    0.1257       296       512    0.2794    0.3058    0.2147   0.07195   0.06412   0.02211   0.03474
   164/199     17.8G   0.05943   0.03396   0.03307    0.1265       294       512    0.2327    0.2002    0.1177   0.03824   0.06937   0.02737   0.03973
   165/199     17.8G   0.05975   0.03524   0.03292    0.1279       342       512    0.3229    0.2891    0.2215   0.07261   0.06192   0.02174   0.03401
   166/199     17.8G   0.05895   0.03405   0.03304     0.126       359       512    0.3602    0.2411    0.2048   0.07132   0.06426   0.02269   0.03499
   167/199     17.8G    0.0588   0.03334    0.0328    0.1249       283       512    0.2931    0.3158      0.23   0.07785   0.06183   0.02232    0.0342
   168/199     17.8G   0.05873    0.0339   0.03286    0.1255       251       512    0.2771     0.296    0.2076     0.073   0.06232   0.02333   0.03421
   169/199     17.8G   0.05875   0.03348   0.03312    0.1253       269       512    0.2814    0.2728     0.193   0.06312   0.06432    0.0242   0.03585
   170/199     17.8G   0.05905   0.03359    0.0327    0.1253       318       512    0.2745    0.3057    0.2072    0.0714   0.06269   0.02437   0.03547
   171/199     17.8G   0.05858   0.03447   0.03245    0.1255       361       512    0.3213    0.3011    0.2333   0.08258   0.06174   0.02226   0.03333
   172/199     17.8G   0.05845   0.03345   0.03244    0.1243       294       512    0.2221    0.2664     0.162   0.05438   0.06471   0.02635   0.03729
   173/199     17.8G   0.05852   0.03362   0.03292    0.1251       346       512    0.2888    0.2984    0.2062   0.07193   0.06501   0.02295   0.03631
   174/199     17.8G   0.05823   0.03415   0.03261     0.125       333       512    0.2639    0.3214    0.2204   0.07579   0.06314   0.02262   0.03637
   175/199     17.8G   0.05811   0.03364   0.03257    0.1243       269       512     0.317    0.3208    0.2274   0.08072    0.0612   0.02202   0.03438
   176/199     17.8G   0.05861   0.03342   0.03259    0.1246       276       512    0.4285    0.2567    0.2419   0.08462   0.06116   0.02217   0.03362
   177/199     17.8G   0.05834   0.03367   0.03212    0.1241       254       512    0.3087    0.2659    0.2121   0.07264   0.06344    0.0232   0.03535
   178/199     17.8G   0.05794   0.03312   0.03237    0.1234       284       512    0.3677    0.2779    0.2382   0.08404   0.06129   0.02188   0.03362
   179/199     17.8G   0.05797   0.03362   0.03254    0.1241       192       512    0.3189    0.2641    0.2109   0.06956    0.0622    0.0229   0.03487
   180/199     17.8G   0.05786   0.03384   0.03193    0.1236       256       512    0.3235    0.2601    0.2109   0.07136   0.06218   0.02243   0.03392
   181/199     17.8G   0.05694   0.03396   0.03235    0.1232       281       512    0.3122     0.313    0.2401   0.08246   0.06133   0.02164   0.03338
   182/199     17.8G    0.0581   0.03317   0.03251    0.1238       344       512    0.3565    0.2876     0.244   0.08251   0.06166   0.02147   0.03324
   183/199     17.8G   0.05716    0.0336    0.0323    0.1231       312       512    0.3336    0.2739    0.2179   0.07457   0.06143   0.02361   0.03543
   184/199     17.8G   0.05733   0.03343     0.032    0.1228       314       512    0.3246    0.2753    0.2267   0.07652    0.0615   0.02246   0.03353
   185/199     17.8G    0.0575   0.03374   0.03198    0.1232       320       512    0.3184    0.2937    0.2349   0.07952   0.06144   0.02184   0.03328
   186/199     17.8G   0.05696   0.03311   0.03145    0.1215       279       512    0.2872    0.2984    0.2216   0.07717   0.06167    0.0218   0.03489
   187/199     17.8G   0.05684   0.03243   0.03149    0.1208       299       512    0.3107    0.2922    0.2258   0.07859   0.06178   0.02281   0.03391
   188/199     17.8G   0.05782    0.0332   0.03193    0.1229       324       512    0.2932    0.2983     0.227   0.07927    0.0621   0.02245   0.03365
   189/199     21.1G   0.05711   0.03287   0.03221    0.1222       354       512    0.3221    0.2865    0.2272   0.07787   0.06204   0.02263   0.03429
   190/199     21.1G   0.05694   0.03342    0.0315    0.1219       287       512    0.3127    0.2903     0.222   0.07675   0.06203   0.02324   0.03407
   191/199     21.1G   0.05685   0.03359   0.03207    0.1225       297       512    0.3182    0.2673     0.209   0.07103    0.0628    0.0224   0.03522
   192/199     21.1G   0.05691   0.03305   0.03169    0.1216       426       512    0.3363    0.3221    0.2558   0.09061   0.06116    0.0216   0.03359
   193/199     21.1G   0.05698   0.03362   0.03181    0.1224       310       512    0.3134    0.2932    0.2312   0.07987   0.06176   0.02298   0.03439
   194/199     21.1G   0.05687   0.03283   0.03228     0.122       324       512    0.3061    0.3095    0.2357   0.08418   0.06155   0.02186   0.03428
   195/199     21.1G   0.05698   0.03294   0.03139    0.1213       319       512     0.362    0.2919    0.2506   0.08798   0.06202    0.0214   0.03376
   196/199     21.1G   0.05737   0.03324   0.03137     0.122       340       512    0.3042    0.3206    0.2489   0.08749   0.06185   0.02126   0.03365
   197/199     21.1G   0.05683   0.03294   0.03151    0.1213       317       512    0.2871    0.2968    0.2121   0.07391   0.06379   0.02306   0.03657
   198/199     21.1G   0.05614   0.03231   0.03127    0.1197       304       512    0.2989    0.3118    0.2257   0.07926   0.06186   0.02271   0.03491
   199/199     21.1G   0.05657   0.03278   0.03144    0.1208       345       512    0.3455     0.295    0.2372   0.08392   0.06145   0.02185   0.03497
