     0/199     13.4G   0.08188   0.02128   0.04357    0.1467       132       512    0.4341  0.007816  0.001423 0.0003951    0.1048   0.02339   0.06611
     1/199       18G   0.08229    0.0214   0.04892    0.1526       144       512   0.07154  0.002121 3.358e-06 7.202e-07       nan       nan       nan
     2/199       18G    0.0823   0.02196   0.04461    0.1489       104       512    0.5028  0.005602 0.0003963 0.0001092   0.08789   0.01579   0.05756
     3/199       18G    0.0783   0.02191   0.03945    0.1397       152       512    0.3612  0.002238  0.001171 0.0005637   0.08935     0.015   0.07787
     4/199       18G    0.0773   0.02094   0.03835    0.1366        82       512    0.6544    0.0192  0.007343  0.002496   0.08252   0.01659   0.04428
     5/199       18G   0.07624   0.02154   0.03765    0.1354       148       512  0.004316   0.04272  0.001128 0.0003714    0.0883   0.01497   0.06531
     6/199       18G   0.07526   0.02076   0.03621    0.1322        90       512    0.7929   0.01007  0.003624  0.001061   0.08497   0.01516   0.06574
     7/199       18G   0.07468   0.02082   0.03629    0.1318       113       512    0.6562  0.009478  0.005118  0.001734   0.08381   0.01518   0.05154
     8/199       18G   0.07418    0.0205   0.03556    0.1302        98       512  0.002587  0.003215 8.939e-05 4.187e-05   0.09383   0.01462   0.07482
     9/199       18G   0.07351   0.02059    0.0351    0.1292       100       512    0.3827    0.0431   0.01375   0.00438   0.08135    0.0148   0.04202
    10/199       18G   0.07336   0.02035   0.03516    0.1289       167       512    0.9048   0.02542   0.01598  0.005801   0.07848   0.01567   0.04496
    11/199       18G   0.07298    0.0205    0.0349    0.1284       143       512    0.8036   0.01861   0.01258  0.003928   0.08071    0.0142   0.03815
    12/199       18G   0.07178   0.02046   0.03387    0.1261       112       512   0.01088   0.04888  0.001319 0.0006319   0.08476   0.01693   0.07007
    13/199       18G   0.07183   0.02027   0.03342    0.1255       202       512    0.5967   0.07117   0.02677   0.00818   0.07443   0.01524   0.03588
    14/199       18G   0.07141   0.02039   0.03363    0.1254       152       512    0.3621  0.005609 0.0005698 0.0001418   0.09032   0.01619   0.06704
    15/199       18G   0.07089   0.02017   0.03302    0.1241       137       512     0.296   0.02374  0.001672 0.0005847   0.08679   0.01552   0.06776
    16/199       18G   0.07051   0.02013   0.03335     0.124        99       512    0.2467   0.09811   0.02667  0.007971   0.07547   0.01412    0.0375
    17/199       18G   0.07024   0.02058   0.03313     0.124       109       512    0.3812   0.05951   0.01116  0.002802   0.07987   0.01572    0.0435
    18/199       18G   0.06945   0.02017   0.03285    0.1225        74       512    0.4466   0.03828  0.009988  0.003784   0.08195   0.01528   0.05337
    19/199       18G   0.06964   0.02011   0.03302    0.1228       138       512    0.3666   0.03494  0.003849  0.001157   0.08378   0.01867   0.06586
    20/199       18G   0.06929   0.02054   0.03328    0.1231       104       512 0.0006387  0.000503 7.199e-06 2.342e-06   0.09967   0.01505   0.08385
    21/199       18G   0.06956   0.01992    0.0331    0.1226       111       512     0.364    0.1155    0.0292  0.009853   0.07356   0.01552   0.04303
    22/199       18G   0.06888   0.01998   0.03299    0.1218       163       512    0.4488   0.02541  0.006779  0.001692   0.08857    0.0135   0.04097
    23/199       18G   0.06867   0.01962   0.03254    0.1208       143       512  0.004045   0.02598  0.000132 4.759e-05    0.0864   0.01755   0.06841
    24/199       18G   0.06806   0.01998     0.032      0.12       109       512     0.317   0.06307   0.02425   0.01001   0.07213   0.01524   0.03743
    25/199       18G   0.06842   0.02005   0.03299    0.1215        73       512   0.08731   0.05961  0.006707  0.001813   0.07973   0.01671     0.048
    26/199       18G   0.06849   0.01992   0.03246    0.1209        69       512    0.2489   0.06468  0.009088   0.00351   0.07803   0.01594      0.05
    27/199       18G     0.068   0.02043   0.03286    0.1213       126       512    0.5989   0.03205   0.01157  0.004329    0.0768   0.01667   0.05328
    28/199       18G   0.06773    0.0204   0.03301    0.1211       116       512    0.2915   0.00321 0.0004268 0.0001068   0.09119   0.01844   0.08159
    29/199       18G   0.06762   0.01994   0.03275    0.1203       159       512    0.7229   0.05328   0.04115   0.01622   0.06874   0.01415   0.03247
    30/199       18G   0.06768   0.01996   0.03267    0.1203       154       512     0.246    0.1311   0.02779   0.01065   0.07059   0.01458   0.03756
    31/199       18G   0.06651   0.02003   0.03149     0.118        91       512    0.6001   0.07858   0.03405   0.01295   0.06889   0.01451   0.03443
    32/199       18G    0.0668    0.0198   0.03171    0.1183       128       512    0.3128   0.08568   0.02552    0.0107   0.07081   0.01442   0.03714
    33/199       18G   0.06635   0.01997   0.03125    0.1176       147       512    0.3776    0.1512   0.04921   0.02068   0.06622   0.01383   0.03136
    34/199       18G   0.06685   0.01989    0.0325    0.1192       115       512    0.6638   0.02766  0.008857  0.003678   0.07819   0.01672   0.05577
    35/199       18G   0.06617   0.02015   0.03167     0.118        94       512    0.3916    0.1246   0.05164    0.0205   0.06697   0.01358   0.03161
    36/199       18G   0.06639   0.01987    0.0316    0.1179        93       512    0.1762   0.05728   0.01356  0.004509    0.0739   0.01604    0.0461
    37/199       18G   0.06651   0.02019   0.03184    0.1185       141       512    0.3144    0.2167   0.07716   0.02946   0.06337   0.01313   0.03006
    38/199       18G   0.06603   0.01964   0.03112    0.1168       151       512     0.327    0.1175   0.02823   0.01044   0.07284   0.01605   0.03754
    39/199       18G   0.06597   0.01987   0.03104    0.1169       108       512    0.6178   0.05482   0.02799   0.01011   0.07686   0.01499   0.04337
    40/199       18G   0.06576   0.01909   0.03121    0.1161       103       512    0.3586    0.1697   0.06609   0.02612   0.06335    0.0134    0.0301
    41/199       18G   0.06537   0.02003   0.03185    0.1173       162       512    0.3681    0.1499   0.05222   0.01783   0.06616   0.01334   0.03279
    42/199       18G   0.06578   0.01961   0.03152    0.1169        70       512    0.1968    0.1951   0.07943   0.02999   0.06164   0.01321   0.02968
    43/199       18G   0.06542   0.01923   0.03108    0.1157       113       512    0.3678    0.1541   0.05379   0.02048   0.06611   0.01349   0.03164
    44/199       18G   0.06512   0.01916   0.03122    0.1155       126       512    0.3182    0.1534   0.06526   0.02595   0.06289   0.01329   0.03069
    45/199       18G   0.06497   0.01891   0.03105    0.1149        86       512    0.3878    0.1329   0.06492   0.02334   0.06409   0.01342   0.03088
    46/199       18G   0.06487   0.01945   0.03105    0.1154       162       512    0.2627    0.2412   0.09323   0.03451   0.06193   0.01306   0.02968
    47/199       18G   0.06479   0.01928   0.03084    0.1149        92       512    0.1905    0.2062   0.08828   0.03395   0.06079   0.01312   0.02963
    48/199       18G   0.06493   0.01879   0.03105    0.1148       130       512    0.2816    0.2033   0.09545   0.03598   0.06118   0.01289   0.02932
    49/199       18G    0.0646   0.01903    0.0307    0.1143        81       512    0.3183    0.1866   0.08646   0.03365   0.06205   0.01264   0.02954
    50/199       18G   0.06456   0.01901   0.03096    0.1145        82       512    0.2409     0.111   0.04022   0.01509   0.06829   0.01486   0.03667
    51/199       18G    0.0645   0.01911   0.03062    0.1142        88       512    0.2751    0.1439   0.07266   0.02744   0.06359   0.01376   0.03086
    52/199       18G   0.06399   0.01863   0.03055    0.1132        53       512    0.3508    0.1946    0.1059   0.04064   0.06017   0.01234   0.02892
    53/199       18G   0.06423   0.01887   0.03012    0.1132        99       512    0.2165    0.1898   0.07878   0.03073   0.06295   0.01328   0.03094
    54/199       18G   0.06366   0.01855   0.03049    0.1127       112       512    0.2973    0.2333   0.09734    0.0371   0.06156   0.01245   0.02967
    55/199       18G   0.06399   0.01851   0.03035    0.1129       122       512    0.2108    0.2292     0.106   0.04042   0.06033   0.01244   0.02898
    56/199       18G   0.06379   0.01857   0.03012    0.1125        99       512    0.3709    0.2078    0.1152    0.0442   0.06019   0.01216   0.02862
    57/199       18G   0.06389   0.01852   0.03021    0.1126       147       512    0.2347    0.2447    0.1161   0.04518   0.05976   0.01223   0.02869
    58/199       18G   0.06338   0.01884   0.02983     0.112       121       512    0.3767     0.215    0.1194   0.04607   0.05962   0.01221    0.0285
    59/199       18G   0.06341   0.01865   0.03027    0.1123       116       512    0.2588    0.2301    0.1125    0.0432   0.05981   0.01231   0.02861
    60/199       18G   0.06335   0.01859    0.0301     0.112        77       512    0.2251      0.24    0.1122   0.04289   0.05999   0.01225   0.02893
    61/199       18G   0.06343   0.01873   0.03014    0.1123       138       512     0.246    0.2481    0.1133   0.04303   0.05965   0.01243   0.02873
    62/199       18G   0.06322    0.0184   0.03015    0.1118       111       512    0.3848    0.2043    0.1166   0.04445    0.0596   0.01259   0.02867
    63/199       18G   0.06311   0.01843   0.03045     0.112       125       512     0.318     0.216    0.1204   0.04571   0.05935   0.01246    0.0287
    64/199       18G   0.06342   0.01881   0.03047    0.1127       156       512    0.2991    0.2457    0.1274    0.0482   0.05925   0.01225    0.0285
    65/199       18G   0.06338   0.01815   0.03009    0.1116       131       512    0.3801    0.2234    0.1282   0.04897   0.05941   0.01211   0.02855
    66/199       18G   0.06277   0.01823   0.03047    0.1115       124       512    0.2649    0.2475     0.129   0.04955    0.0591   0.01231   0.02846
    67/199       18G   0.06272   0.01828   0.02945    0.1104       107       512    0.2741    0.2421    0.1304   0.05038   0.05902   0.01218   0.02844
    68/199       18G   0.06304   0.01859   0.02981    0.1114       128       512     0.262    0.2741    0.1344   0.05159   0.05892   0.01201    0.0283
    69/199       18G   0.06279   0.01857   0.02975    0.1111       102       512     0.322    0.2152    0.1338   0.05165   0.05895   0.01206   0.02829
    70/199       18G   0.06234    0.0185   0.02982    0.1107       108       512    0.3111    0.2251    0.1339   0.05221   0.05911     0.012   0.02829
    71/199       18G   0.06211   0.01807   0.02912    0.1093       119       512    0.3353    0.2173    0.1373   0.05305   0.05885   0.01186   0.02823
    72/199       18G   0.06296   0.01809   0.03063    0.1117       136       512    0.3828    0.2253    0.1319   0.05109   0.05904   0.01198   0.02831
    73/199       18G    0.0623   0.01781   0.02978    0.1099       145       512    0.3812    0.2303    0.1341   0.05151   0.05889   0.01194   0.02823
    74/199       18G   0.06223   0.01777   0.02988    0.1099       112       512    0.3821    0.2349    0.1337   0.05104   0.05896   0.01206    0.0283
    75/199       18G   0.06274   0.01799    0.0299    0.1106        74       512    0.2616     0.274    0.1341   0.05105   0.05882   0.01197    0.0283
    76/199       18G   0.06231   0.01835   0.02978    0.1104        92       512    0.2785    0.2316    0.1313   0.05041   0.05891   0.01198   0.02834
    77/199       18G     0.062   0.01798   0.02971    0.1097       138       512    0.2709    0.2426     0.133   0.05109   0.05894   0.01194   0.02835
    78/199       18G   0.06215   0.01801    0.0298      0.11       120       512    0.2782    0.2314    0.1323   0.05106   0.05887   0.01192    0.0283
    79/199       18G   0.06238   0.01829   0.02991    0.1106       102       512     0.289    0.2253    0.1337   0.05147   0.05881   0.01197   0.02828
    80/199       18G   0.06198   0.01786   0.02927    0.1091        82       512     0.274    0.2364    0.1353   0.05212   0.05885   0.01195   0.02829
    81/199       18G   0.06168   0.01831    0.0297    0.1097        97       512    0.2488    0.2638    0.1353   0.05252   0.05886   0.01182   0.02826
    82/199       18G   0.06186   0.01761   0.02924    0.1087       132       512    0.2739    0.2307    0.1354   0.05218   0.05881   0.01187   0.02827
    83/199       18G   0.06168   0.01786   0.02916    0.1087       137       512    0.2462    0.2543    0.1353   0.05236   0.05871   0.01189   0.02823
    84/199       18G   0.06146   0.01777   0.02928    0.1085       114       512    0.3715    0.2113    0.1367   0.05268   0.05868   0.01187   0.02822
    85/199       18G    0.0618   0.01794   0.02957    0.1093       155       512     0.365    0.2194     0.138   0.05302   0.05866   0.01189   0.02823
    86/199       18G   0.06191   0.01811   0.02941    0.1094       142       512    0.3809     0.204    0.1383   0.05305   0.05862   0.01194   0.02823
    87/199       18G   0.06124   0.01787   0.02949    0.1086        94       512    0.4017    0.2089    0.1395   0.05326   0.05861   0.01196   0.02821
    88/199       18G   0.06182   0.01781   0.02953    0.1092       109       512    0.4198    0.2079    0.1394   0.05333   0.05865   0.01193    0.0282
    89/199       18G   0.06181   0.01781   0.02922    0.1088       109       512    0.4154    0.2051    0.1381   0.05267   0.05865   0.01195    0.0282
    90/199       18G   0.06128   0.01786   0.02952    0.1087        90       512    0.4062    0.2063    0.1373   0.05287   0.05864   0.01194   0.02819
    91/199       18G   0.06154    0.0177   0.02947    0.1087       187       512     0.411    0.2051    0.1376   0.05294    0.0586   0.01195   0.02819
    92/199       18G    0.0615   0.01761   0.02978    0.1089       122       512    0.2632     0.243    0.1388     0.053   0.05861   0.01196   0.02819
    93/199       18G   0.06129   0.01741   0.02906    0.1078       109       512    0.2544    0.2468    0.1381   0.05295   0.05858   0.01197   0.02819
    94/199       18G   0.06136   0.01768   0.02923    0.1083       151       512     0.255     0.247    0.1358   0.05227   0.05858   0.01201    0.0282
    95/199       18G   0.06182   0.01777   0.02958    0.1092       145       512     0.257    0.2449    0.1362   0.05246   0.05859   0.01199    0.0282
    96/199       18G   0.06113   0.01763   0.02899    0.1077       112       512    0.2597    0.2465    0.1368   0.05271   0.05857   0.01202   0.02819
    97/199       18G   0.06115   0.01817   0.02933    0.1086        91       512    0.2548     0.253    0.1355   0.05192   0.05856   0.01204   0.02819
    98/199       18G   0.06156   0.01769   0.02958    0.1088       112       512    0.2707    0.2361    0.1363   0.05197   0.05857   0.01205   0.02819
    99/199       18G   0.06084   0.01761   0.02874    0.1072       152       512    0.3596    0.2118    0.1361   0.05205   0.05857   0.01204   0.02819
   100/199       18G   0.06089   0.01763   0.02896    0.1075       143       512    0.2562    0.2516    0.1362   0.05202   0.05858   0.01203   0.02818
   101/199       18G   0.06084    0.0175   0.02922    0.1076        85       512    0.2571    0.2525     0.137   0.05214   0.05858     0.012   0.02818
   102/199       18G   0.06053   0.01722   0.02833    0.1061       151       512    0.2578    0.2516    0.1371   0.05237   0.05859   0.01199   0.02818
   103/199       18G   0.06039   0.01744   0.02878    0.1066       144       512     0.258    0.2496    0.1368   0.05232   0.05858   0.01199   0.02819
   104/199       18G   0.06044   0.01731    0.0286    0.1064       158       512    0.2559    0.2531    0.1363    0.0521   0.05855   0.01199   0.02818
   105/199       18G   0.06094   0.01769   0.02916    0.1078       113       512    0.2573    0.2584    0.1363   0.05204   0.05855   0.01198   0.02817
   106/199       18G   0.06034   0.01763   0.02823    0.1062        73       512    0.2612    0.2463    0.1369   0.05237   0.05858   0.01195   0.02818
   107/199       18G   0.06052   0.01801   0.02872    0.1073       114       512      0.26    0.2461    0.1367   0.05215   0.05857   0.01195   0.02817
   108/199       18G   0.06055   0.01751   0.02894     0.107       109       512    0.2566    0.2499    0.1374   0.05254   0.05856   0.01193   0.02817
   109/199       18G   0.06063   0.01755   0.02886     0.107       152       512     0.259    0.2498    0.1378   0.05256   0.05856   0.01191   0.02816
   110/199       18G    0.0606   0.01769   0.02903    0.1073        86       512    0.2728    0.2459    0.1375   0.05277   0.05856   0.01191   0.02817
   111/199       18G   0.06046   0.01738   0.02838    0.1062       116       512     0.276    0.2488    0.1378   0.05327   0.05854   0.01188   0.02816
   112/199       18G   0.05987   0.01706   0.02861    0.1055        90       512    0.2665    0.2577    0.1377   0.05329   0.05854   0.01188   0.02815
   113/199       18G   0.06036   0.01715     0.029    0.1065       153       512     0.268    0.2532    0.1377   0.05339   0.05854   0.01188   0.02815
   114/199       18G   0.06027   0.01753   0.02834    0.1061       123       512    0.2711      0.25    0.1371   0.05344   0.05855   0.01188   0.02815
   115/199       18G   0.06012    0.0171   0.02865    0.1059        79       512    0.2693    0.2483    0.1381   0.05378   0.05854   0.01186   0.02813
   116/199       18G   0.05994   0.01751   0.02857     0.106        71       512    0.2697     0.247    0.1378   0.05356   0.05854   0.01188   0.02815
   117/199       18G   0.05989   0.01746   0.02817    0.1055       137       512     0.272    0.2476    0.1381    0.0539   0.05855   0.01184   0.02813
   118/199       18G   0.06001   0.01726   0.02821    0.1055       151       512    0.2762    0.2453    0.1389   0.05414   0.05854   0.01183   0.02813
   119/199       18G   0.06015   0.01731   0.02873    0.1062       143       512    0.2699    0.2436    0.1376   0.05361   0.05856   0.01183   0.02813
   120/199       18G   0.06007   0.01755   0.02894    0.1066       171       512    0.2735    0.2445    0.1391   0.05408    0.0586    0.0118   0.02813
   121/199       18G   0.05987   0.01724    0.0285    0.1056       107       512    0.2784    0.2433    0.1391   0.05404   0.05858   0.01181   0.02812
   122/199       18G   0.05999     0.017   0.02868    0.1057       102       512    0.2693     0.245    0.1383   0.05374   0.05857   0.01182   0.02813
   123/199       18G   0.05961   0.01708   0.02844    0.1051       168       512    0.2737    0.2446    0.1392   0.05428   0.05856   0.01181   0.02811
   124/199       18G   0.06002   0.01692   0.02845    0.1054       112       512    0.2781    0.2404    0.1378   0.05384   0.05855   0.01182   0.02811
   125/199       18G   0.05927   0.01743   0.02786    0.1046       114       512    0.2753    0.2365     0.137   0.05349   0.05856   0.01183   0.02813
   126/199       18G   0.05963   0.01724   0.02815     0.105       163       512    0.2618    0.2459    0.1364   0.05337   0.05856   0.01185   0.02814
   127/199       18G   0.05973   0.01701   0.02864    0.1054       174       512    0.2631    0.2438    0.1364   0.05342   0.05855   0.01186   0.02814
   128/199       18G   0.05973   0.01678   0.02805    0.1046       115       512    0.2734    0.2429    0.1363   0.05315   0.05856    0.0119   0.02817
   129/199       18G   0.05935   0.01743   0.02859    0.1054        89       512    0.2743    0.2443    0.1371   0.05369   0.05856   0.01187   0.02816
   130/199       18G   0.05909   0.01709   0.02786     0.104       162       512    0.2702    0.2438    0.1356   0.05333   0.05858   0.01191   0.02819
   131/199       18G    0.0595   0.01715   0.02874    0.1054        60       512    0.2738    0.2397    0.1349    0.0532   0.05859   0.01193    0.0282
   132/199       18G   0.05875   0.01719   0.02799    0.1039        77       512    0.2637    0.2433    0.1341   0.05312   0.05858   0.01195   0.02821
   133/199       18G   0.05892   0.01712   0.02849    0.1045        82       512    0.2654    0.2393    0.1325   0.05255    0.0586   0.01198   0.02823
   134/199       18G   0.05918   0.01672   0.02779    0.1037       133       512     0.279    0.2215    0.1338   0.05339   0.05861   0.01196   0.02821
   135/199       18G   0.05908    0.0169   0.02836    0.1043        96       512    0.2799    0.2213     0.134   0.05336   0.05859   0.01196   0.02821
   136/199       18G   0.05867   0.01702   0.02779    0.1035        97       512    0.2814    0.2222    0.1327    0.0528   0.05861   0.01201   0.02823
   137/199       18G   0.05894    0.0169   0.02804    0.1039       132       512    0.2513    0.2457    0.1321   0.05247   0.05862   0.01204   0.02825
   138/199       18G   0.05907   0.01716    0.0281    0.1043       134       512    0.2717     0.228     0.131   0.05211   0.05863   0.01208   0.02826
   139/199       18G   0.05878   0.01688   0.02785    0.1035       113       512    0.2537    0.2372    0.1295   0.05172   0.05866   0.01212    0.0283
   140/199       18G   0.05885   0.01704    0.0281     0.104       146       512     0.255    0.2361    0.1301   0.05192   0.05864   0.01212   0.02828
   141/199       18G   0.05889   0.01699   0.02826    0.1041       111       512    0.2395      0.25    0.1288   0.05161   0.05866   0.01214    0.0283
   142/199       18G   0.05872   0.01706   0.02773    0.1035       102       512    0.2417    0.2458    0.1283   0.05144   0.05867   0.01217   0.02831
   143/199       18G   0.05905   0.01686   0.02802    0.1039        66       512    0.2416    0.2416    0.1276   0.05121   0.05871   0.01221   0.02834
   144/199       18G   0.05868   0.01713   0.02817     0.104       106       512    0.2416      0.24    0.1274   0.05115   0.05872   0.01222   0.02834
   145/199       18G   0.05854   0.01661   0.02805    0.1032        97       512    0.2438    0.2394     0.127   0.05118   0.05871   0.01223   0.02834
   146/199       18G   0.05896   0.01681   0.02826     0.104       115       512    0.2338    0.2456    0.1266   0.05089   0.05874   0.01225   0.02835
   147/199       18G   0.05886   0.01698   0.02814     0.104       153       512    0.2325    0.2404    0.1262   0.05073   0.05877   0.01229   0.02837
   148/199       18G   0.05799   0.01666   0.02742    0.1021        88       512    0.2508    0.2285    0.1257   0.05048   0.05879   0.01231   0.02839
   149/199       18G   0.05858   0.01686   0.02785    0.1033       127       512    0.2527    0.2292    0.1259   0.05049   0.05882   0.01232    0.0284
   150/199       18G   0.05811   0.01705   0.02759    0.1027       115       512    0.2283    0.2465    0.1258    0.0505   0.05883   0.01232    0.0284
   151/199       18G   0.05785   0.01664   0.02744    0.1019        72       512    0.2332    0.2376    0.1265   0.05073   0.05882    0.0123   0.02839
   152/199       18G   0.05834   0.01643   0.02786    0.1026       105       512    0.2511    0.2252    0.1254    0.0503   0.05884   0.01234   0.02842
   153/199       18G   0.05847   0.01658   0.02794     0.103        85       512    0.2554    0.2229    0.1252   0.05024   0.05885   0.01237   0.02843
   154/199       18G   0.05811   0.01688     0.028     0.103       108       512    0.2564    0.2195    0.1247   0.05005   0.05885   0.01239   0.02844
   155/199       18G   0.05798   0.01662   0.02746    0.1021        70       512    0.2249    0.2495    0.1254   0.05031   0.05885    0.0124   0.02843
   156/199       18G    0.0579   0.01633   0.02764    0.1019       102       512    0.2588    0.2188    0.1244   0.04976   0.05888   0.01241   0.02845
   157/199       18G   0.05813   0.01703   0.02808    0.1032       167       512    0.2455    0.2245    0.1236   0.04958    0.0589   0.01243   0.02847
   158/199       18G   0.05812   0.01671   0.02804    0.1029       125       512    0.2464    0.2252    0.1245   0.04981   0.05888   0.01242   0.02845
   159/199       18G   0.05812   0.01639   0.02747     0.102       105       512     0.247    0.2244    0.1239   0.04976   0.05886   0.01244   0.02844
   160/199       18G   0.05767   0.01656   0.02735    0.1016       114       512    0.2466    0.2227    0.1239   0.04972   0.05888   0.01244   0.02845
   161/199       18G    0.0576   0.01641   0.02782    0.1018        80       512    0.2734    0.2072    0.1235   0.04959   0.05888   0.01246   0.02845
   162/199       18G   0.05769    0.0169   0.02777    0.1024       126       512    0.2653    0.2116    0.1227   0.04932   0.05888   0.01249   0.02846
   163/199       18G   0.05767    0.0163    0.0274    0.1014       138       512    0.2252    0.2359    0.1223   0.04916   0.05893   0.01251    0.0285
   164/199       18G   0.05807   0.01661   0.02769    0.1024       114       512    0.2261    0.2365    0.1221   0.04911   0.05893    0.0125    0.0285
   165/199       18G   0.05755    0.0169   0.02728    0.1017       172       512    0.2258    0.2354     0.122   0.04909   0.05894   0.01251   0.02849
   166/199       18G   0.05762   0.01683   0.02752     0.102       125       512    0.2219    0.2457    0.1229   0.04922   0.05892   0.01253   0.02849
   167/199       18G   0.05735   0.01642   0.02729    0.1011       105       512    0.2215     0.247    0.1234   0.04937   0.05894   0.01252    0.0285
   168/199       18G    0.0572   0.01653   0.02744    0.1012       108       512    0.2252    0.2453    0.1234   0.04933   0.05895   0.01253    0.0285
   169/199       18G   0.05751   0.01644   0.02719    0.1011       103       512    0.2715    0.2051    0.1241   0.04931   0.05896   0.01254   0.02851
   170/199       18G   0.05731   0.01651   0.02737    0.1012       112       512    0.2404    0.2205    0.1238   0.04918     0.059   0.01255   0.02854
   171/199       18G   0.05735   0.01667   0.02757    0.1016        74       512    0.2707    0.2033    0.1245   0.04937   0.05897   0.01256   0.02852
   172/199       18G   0.05717   0.01638   0.02737    0.1009       110       512    0.2566    0.2104    0.1238   0.04929     0.059   0.01257   0.02853
   173/199       18G   0.05703   0.01645   0.02686    0.1003        75       512     0.275    0.2013    0.1238   0.04939   0.05896   0.01257    0.0285
   174/199       18G   0.05756   0.01657   0.02765    0.1018       138       512     0.228    0.2389     0.124    0.0495   0.05896   0.01259    0.0285
   175/199       18G   0.05771   0.01645   0.02739    0.1015       108       512    0.2477    0.2162    0.1243   0.04963   0.05895   0.01259   0.02849
   176/199       18G   0.05718   0.01634   0.02724    0.1008        94       512    0.2485    0.2161    0.1246    0.0497   0.05896    0.0126   0.02849
   177/199       18G   0.05735   0.01673   0.02745    0.1015       116       512    0.2391    0.2266    0.1245   0.04958   0.05896   0.01261   0.02848
   178/199       18G   0.05708   0.01615   0.02694    0.1002       166       512    0.2491    0.2153    0.1247   0.04936   0.05897   0.01261   0.02848
   179/199       18G   0.05716   0.01642   0.02738     0.101        76       512    0.2392    0.2235    0.1242   0.04917   0.05901   0.01263    0.0285
   180/199       18G   0.05727   0.01679   0.02725    0.1013        87       512    0.2406    0.2262    0.1253   0.04944   0.05899   0.01261   0.02848
   181/199       18G   0.05692   0.01649    0.0271    0.1005        96       512    0.2411    0.2203    0.1236    0.0488   0.05904   0.01268   0.02853
   182/199       18G   0.05692   0.01652   0.02704    0.1005        82       512    0.2419    0.2175    0.1227   0.04863   0.05903   0.01271   0.02853
   183/199       18G   0.05702    0.0163   0.02728    0.1006       137       512    0.2431    0.2184    0.1229   0.04873   0.05903   0.01269   0.02851
   184/199       18G   0.05697   0.01648    0.0272    0.1006       170       512    0.2349     0.229     0.123   0.04873   0.05904   0.01271   0.02852
   185/199       18G   0.05711   0.01659   0.02737    0.1011       100       512    0.2679    0.2009    0.1238   0.04887   0.05903   0.01271   0.02851
   186/199       18G   0.05685   0.01633   0.02702    0.1002       121       512    0.2439    0.2165    0.1233    0.0488   0.05903   0.01272   0.02852
   187/199       18G    0.0569   0.01668   0.02747     0.101       100       512    0.2482    0.2141    0.1227   0.04852   0.05904   0.01276   0.02854
   188/199       18G   0.05685   0.01644   0.02728    0.1006       179       512    0.2578    0.2003    0.1212   0.04797   0.05908   0.01283   0.02858
   189/199       18G    0.0567   0.01633   0.02672   0.09975       164       512     0.246    0.2081    0.1213   0.04813   0.05908   0.01284   0.02859
   190/199       18G   0.05667   0.01638   0.02726    0.1003        89       512    0.2411    0.2162    0.1207   0.04811   0.05909   0.01288    0.0286
   191/199       18G   0.05725   0.01657    0.0274    0.1012       183       512    0.2595    0.1978    0.1216   0.04795   0.05909   0.01288    0.0286
   192/199       18G   0.05682   0.01649   0.02691    0.1002       119       512    0.2498    0.2046     0.121   0.04779    0.0591   0.01291   0.02861
   193/199       18G   0.05653   0.01609   0.02686   0.09947       133       512     0.263    0.1955    0.1215   0.04796   0.05909   0.01292    0.0286
   194/199       18G   0.05661   0.01618   0.02704   0.09983        84       512    0.2428    0.2151    0.1227   0.04861   0.05904   0.01291   0.02857
   195/199       18G   0.05684   0.01623   0.02678   0.09984       101       512    0.2653     0.194    0.1217   0.04814   0.05908   0.01294    0.0286
   196/199       18G   0.05671   0.01627   0.02706       0.1        88       512    0.2663    0.1936    0.1223   0.04825   0.05909   0.01294    0.0286
   197/199       18G   0.05685   0.01631   0.02737    0.1005        90       512    0.2662    0.1959    0.1235   0.04885   0.05904   0.01291   0.02857
   198/199       18G   0.05693   0.01657   0.02683    0.1003       134       512    0.2598    0.1997    0.1224   0.04831   0.05907   0.01298   0.02861
   199/199       18G   0.05708   0.01633    0.0276     0.101       144       512    0.2707    0.1953    0.1234   0.04873   0.05903   0.01294   0.02858
