      0/49       21G   0.07973   0.02731   0.04245    0.1495        61      1024    0.6526   0.01066   0.00372  0.001046   0.08179   0.01875   0.04687
      1/49     17.9G   0.07591   0.02714   0.03859    0.1416        42      1024 0.0006085   0.01959  2.66e-05 3.875e-06   0.08643   0.01967   0.07019
      2/49     17.9G   0.07484   0.02724    0.0381    0.1402        63      1024    0.1435  0.001333  5.43e-05  1.22e-05   0.08267   0.02027    0.0608
      3/49     17.9G   0.07348   0.02719   0.03699    0.1377        42      1024    0.7192  0.006565  0.001528 0.0005623    0.0849   0.01922   0.06156
      4/49     17.9G   0.07285   0.02658   0.03727    0.1367        91      1024    0.6568   0.02132  0.008773  0.003552   0.08038   0.01963   0.04568
      5/49     17.9G    0.0721   0.02728   0.03659     0.136        29      1024    0.2908   0.02595 0.0009863 0.0002929   0.08011   0.02118   0.06047
      6/49     17.9G   0.07165    0.0265   0.03554    0.1337        93      1024  0.002937   0.08504 0.0008152 0.0001338   0.07995   0.01975   0.04715
      7/49     17.9G   0.07077   0.02674   0.03519    0.1327        95      1024   0.08156   0.01124  0.001213 0.0003927    0.0853   0.01846   0.06169
      8/49     17.9G   0.07054   0.02703   0.03479    0.1324        67      1024    0.3075   0.07216    0.0176  0.004561   0.07179    0.0188   0.03521
      9/49     17.9G   0.06932   0.02692   0.03473     0.131        61      1024    0.6208   0.01846   0.01139  0.003703   0.07451   0.01864   0.04031
     10/49     17.9G   0.06907   0.02657   0.03427    0.1299        64      1024    0.4345   0.01353  0.002871 0.0008444   0.08202   0.01853   0.05042
     11/49     17.9G   0.06875   0.02683   0.03399    0.1296        86      1024    0.5257   0.05201   0.01114  0.003608   0.07312   0.01811   0.03804
     12/49     17.9G   0.06792   0.02689   0.03371    0.1285        43      1024    0.3558   0.01037  0.006766  0.001911   0.08435   0.01681   0.04123
     13/49     17.9G   0.06748   0.02646   0.03251    0.1265        38      1024    0.7249   0.01032  0.004464  0.001751   0.07493   0.01963   0.04263
     14/49     17.9G   0.06702   0.02673   0.03277    0.1265        59      1024    0.4651   0.05546   0.02008  0.006637   0.06788   0.01927   0.03331
     15/49     17.9G   0.06691   0.02642   0.03263     0.126        82      1024    0.6051   0.05711   0.02581  0.008729   0.06981   0.01975   0.03816
     16/49     17.9G   0.06571   0.02644   0.03174    0.1239        60      1024     0.237   0.04004  0.009773  0.002627    0.0719   0.02046   0.03888
     17/49     17.9G   0.06576   0.02709   0.03231    0.1252        67      1024    0.3355    0.1264   0.02982    0.0103   0.07104   0.01902   0.03774
     18/49     17.9G   0.06505   0.02614   0.03129    0.1225        29      1024    0.2624   0.06851   0.01975  0.006572   0.06906    0.0195   0.03664
     19/49     17.9G   0.06497    0.0264   0.03158    0.1229        58      1024    0.2784   0.08728     0.025  0.008049   0.06882   0.01814    0.0338
     20/49     17.9G   0.06452   0.02645   0.03187    0.1228        48      1024    0.6011   0.05758   0.02481  0.008925   0.06866   0.01784   0.03526
     21/49     17.9G   0.06428   0.02581   0.03113    0.1212        77      1024    0.6606   0.07585   0.04543   0.01847   0.06311   0.01793   0.03036
     22/49     17.9G   0.06376   0.02598   0.03121    0.1209        44      1024    0.3915    0.1083   0.04323   0.01677   0.06334   0.01806     0.031
     23/49     17.9G   0.06368   0.02537   0.03052    0.1196        47      1024    0.2324    0.1543   0.05545   0.02121   0.06219   0.02005   0.03046
     24/49     17.9G   0.06308   0.02556   0.03024    0.1189        51      1024    0.2863    0.1046   0.03556   0.01398   0.06375   0.01881   0.03262
     25/49     17.9G    0.0633   0.02525   0.03095    0.1195        73      1024    0.3737   0.09148   0.04492   0.01583   0.06429   0.01943   0.03075
     26/49     17.9G   0.06254   0.02536   0.02996    0.1179        65      1024    0.2671    0.1346   0.07305   0.02847   0.06025   0.01772   0.02952
     27/49     17.9G   0.06254   0.02549   0.03075    0.1188        44      1024    0.3846    0.1241   0.06791   0.02663   0.06155   0.01906   0.02997
     28/49     17.9G   0.06198     0.025   0.03035    0.1173        49      1024    0.2315    0.1397   0.05828   0.02227   0.06102   0.01709   0.02945
     29/49     17.9G   0.06185   0.02523   0.03022    0.1173        82      1024    0.2363    0.1585   0.08763   0.03309   0.05997   0.01901   0.02899
     30/49     17.9G   0.06204   0.02433   0.03002    0.1164        39      1024    0.5045   0.08964   0.05797   0.02461   0.06182   0.01921   0.03041
     31/49     17.9G   0.06053   0.02451   0.02905    0.1141        50      1024    0.3189      0.16   0.08285   0.03078   0.05922    0.0166   0.02895
     32/49     17.9G   0.06081   0.02443   0.02916    0.1144        64      1024    0.1516    0.1295   0.04542   0.01634   0.06217   0.01887   0.03163
     33/49     17.9G   0.06059   0.02434   0.02911     0.114        92      1024    0.2895    0.1272   0.06957   0.02877   0.05862   0.01766   0.02879
     34/49     17.9G    0.0605   0.02404   0.02946     0.114        44      1024    0.2927    0.1763   0.09955   0.03694   0.05755   0.01581   0.02793
     35/49     17.9G   0.05962   0.02415   0.02879    0.1126        50      1024    0.2512    0.1979    0.1046    0.0378   0.05777   0.01569   0.02788
     36/49     17.9G   0.05987   0.02402   0.02876    0.1126        66      1024    0.2938    0.1864    0.1032   0.03961   0.05751   0.01575   0.02807
     37/49     17.9G   0.05967   0.02421   0.02865    0.1125        40      1024    0.2987    0.1786    0.1013   0.03938   0.05708   0.01579    0.0277
     38/49     17.9G   0.05933   0.02391   0.02809    0.1113        86      1024    0.2709    0.2019    0.1039   0.03818   0.05752   0.01583   0.02795
     39/49     17.9G    0.0591   0.02399   0.02839    0.1115        48      1024      0.26    0.1989    0.1249   0.04704   0.05649   0.01501   0.02743
     40/49     17.9G   0.05906   0.02309   0.02804    0.1102        55      1024    0.3306    0.1777    0.1125   0.04133     0.057   0.01562   0.02753
     41/49     17.9G   0.05869   0.02385   0.02866    0.1112        45      1024     0.233    0.2356     0.126   0.04706   0.05627   0.01514   0.02725
     42/49     17.9G   0.05869    0.0238    0.0286    0.1111        63      1024    0.2436    0.2165    0.1324   0.04911    0.0563   0.01496   0.02715
     43/49     17.9G   0.05821   0.02316   0.02766     0.109        21      1024    0.3051    0.2045    0.1144   0.04412    0.0564   0.01559   0.02723
     44/49     17.9G   0.05817   0.02319   0.02799    0.1094        78      1024    0.3317    0.2093    0.1352   0.05097   0.05597   0.01493   0.02709
     45/49     17.9G   0.05812   0.02312   0.02817    0.1094        64      1024    0.3503    0.2039    0.1389   0.05196   0.05581   0.01478   0.02698
     46/49     17.9G   0.05774   0.02314   0.02796    0.1088        42      1024    0.2464    0.2279    0.1326    0.0504   0.05578   0.01494   0.02694
     47/49     17.9G    0.0577   0.02305   0.02754    0.1083        76      1024    0.3562    0.1996    0.1374   0.05058   0.05575   0.01482   0.02696
     48/49     17.9G   0.05741    0.0228   0.02783     0.108        44      1024    0.2619    0.2305    0.1421   0.05389   0.05532   0.01457   0.02682
     49/49     17.9G   0.05745   0.02302   0.02764    0.1081        52      1024     0.337    0.2041    0.1449   0.05416   0.05536   0.01454   0.02671
