     0/199     16.3G   0.08845   0.05737   0.05429    0.2001       789       512         0         0         0         0   0.09457   0.04736   0.06493
     1/199       18G   0.07178   0.05147   0.03422    0.1575       759       512    0.4271    0.2457   0.06035   0.01302   0.07947   0.05595   0.03632
     2/199       18G   0.06585   0.04844   0.03066    0.1449       772       512     0.603   0.08652   0.06383   0.01495   0.08181   0.05792   0.03553
     3/199       18G   0.06345   0.04752   0.02936    0.1403       624       512    0.5177   0.06025    0.0242  0.005954   0.09875   0.04844   0.04666
     4/199       18G   0.06194   0.04618   0.02815    0.1363       580       512   0.09751   0.04159  0.007468  0.001757   0.09774   0.03955   0.05196
     5/199       18G   0.06122   0.04713   0.02886    0.1372       705       512    0.1002   0.06793   0.01652  0.005316    0.1063    0.1591     1.951
     6/199       18G   0.06076   0.04596   0.02836    0.1351       660       512    0.3356   0.07774   0.04066    0.0118    0.0914   0.04095   0.04794
     7/199       18G   0.05996   0.04663   0.02749    0.1341       698       512    0.2404    0.1743    0.1106   0.03751   0.06926   0.03586   0.03456
     8/199       18G   0.06232   0.04833   0.02984    0.1405       688       512         0         0         0         0       nan       nan       nan
     9/199       18G   0.07255    0.0556   0.03711    0.1653       638       512         0         0         0         0       nan       nan       nan
    10/199       18G   0.07688   0.06015   0.04311    0.1801       779       512         0         0         0         0       nan       nan       nan
    11/199       18G   0.07052   0.05562   0.03461    0.1607       689       512   0.02823   0.03316  0.004275  0.001456   0.08495   0.05983   0.07894
    12/199       18G   0.06829   0.05335   0.03259    0.1542       629       512    0.1885    0.1341   0.03401   0.01295   0.08355   0.03947    0.0504
    13/199       18G    0.0674   0.05217   0.03144     0.151       710       512    0.1474    0.1136   0.04487   0.01511   0.08134   0.03961   0.04595
    14/199       18G   0.06587   0.05176   0.03125    0.1489       706       512    0.1969   0.09732   0.03226   0.01139   0.08141   0.04246   0.04565
    15/199       18G   0.06558    0.0502   0.03108    0.1469       745       512    0.1759    0.1517   0.06914   0.02414   0.07315   0.03856   0.03939
    16/199       18G   0.06525   0.05077   0.03079    0.1468       762       512    0.2625   0.04558   0.02047  0.006665   0.08965       nan   0.05637
    17/199       18G   0.06427   0.04951   0.03014    0.1439       691       512    0.3395    0.1842    0.1254   0.04717   0.06552   0.03628   0.03136
    18/199       18G   0.06413   0.05119   0.03021    0.1455       667       512    0.3721    0.1059   0.04308   0.01495   0.08232   0.04586   0.05124
    19/199       18G   0.06349   0.04844   0.02983    0.1418       770       512    0.3089    0.1761    0.1097   0.04073   0.06942    0.0334   0.03205
    20/199       18G   0.06315   0.04898   0.02972    0.1419       640       512    0.3126    0.1766    0.1224   0.04599   0.06605   0.03462    0.0328
    21/199       18G   0.06294   0.04826   0.02969    0.1409       779       512   0.01058   0.05167  0.001452 0.0004672       nan       nan       nan
    22/199       18G   0.06323   0.04899    0.0294    0.1416       768       512    0.1866   0.01357  0.003797  0.001064   0.09847   0.04767     0.105
    23/199       18G   0.06223   0.04813   0.02845    0.1388       671       512    0.1718    0.2115    0.1301   0.04977       nan       nan       nan
    24/199       18G   0.06209   0.04751   0.02881    0.1384       748       512     0.403    0.1861    0.1337   0.04881   0.06589   0.03383   0.03065
    25/199       18G   0.06381   0.04957   0.03033    0.1437       692       512    0.3048    0.1272   0.05243   0.01661   0.07542   0.06724   0.04189
    26/199       18G   0.06284   0.04826   0.02895    0.1401       682       512    0.3243    0.1628   0.07246   0.02597   0.07143   0.04052   0.03748
    27/199       18G   0.06171   0.04807   0.02884    0.1386       692       512    0.3002   0.07768   0.03791    0.0137   0.07853   0.04904    0.0615
    28/199       18G   0.06304   0.04827   0.02978    0.1411       655       512 4.739e-07 7.058e-05 5.636e-09 5.636e-10       nan       nan       nan
    29/199       18G   0.06278   0.04848    0.0291    0.1404       730       512    0.2779    0.1956    0.1188   0.04372   0.06651   0.03862    0.0345
    30/199       18G   0.06111    0.0479    0.0287    0.1377       560       512    0.1193    0.0631   0.02357  0.008579   0.08154   0.05225   0.05991
    31/199       18G    0.0607   0.04721   0.02848    0.1364       790       512    0.2756    0.1945    0.1427   0.05529   0.06336   0.03722   0.03139
    32/199       18G   0.06048   0.04655   0.02822    0.1353       720       512   0.08007    0.1413   0.02765   0.01121   0.08052    0.0488   0.05546
    33/199       18G   0.06111   0.04763   0.02904    0.1378       740       512    0.4189    0.1946    0.1485   0.05517   0.06378   0.03339   0.03085
    34/199       18G   0.05975   0.04667   0.02783    0.1343       690       512    0.3397    0.1722    0.1303   0.04863   0.06419   0.03595   0.03387
    35/199       18G   0.06031   0.04701   0.02854    0.1359       628       512    0.2904    0.1507    0.1011   0.03678   0.07124   0.03426   0.03318
    36/199       18G   0.06009   0.04738   0.02853     0.136       772       512    0.2233    0.1421   0.09935   0.03574   0.06881   0.04059   0.03433
    37/199       18G   0.05992   0.04706   0.02797    0.1349       825       512    0.1995   0.05026   0.02403  0.009285   0.08238   0.04643   0.06499
    38/199       18G   0.06029   0.04732   0.02812    0.1357       703       512    0.2403    0.2276    0.1165   0.04246   0.06608   0.03836   0.03616
    39/199       18G   0.05952     0.047   0.02801    0.1345       785       512    0.2018    0.1527    0.0868   0.03183   0.06949   0.03961   0.03907
    40/199       18G   0.06009   0.04662   0.02765    0.1344       631       512    0.1762    0.2634    0.1667    0.0633   0.06188   0.03538   0.03036
    41/199       18G   0.05934   0.04676   0.02762    0.1337       752       512    0.1791    0.1944   0.08579    0.0312   0.06899   0.03935   0.04619
    42/199       18G   0.06007   0.04712   0.02811    0.1353       758       512    0.2125    0.2367    0.1593   0.05829   0.06291   0.03266   0.02979
    43/199       18G   0.05985   0.04726   0.02771    0.1348       637       512    0.1678   0.07576   0.03251   0.01095   0.07956   0.04853   0.05357
    44/199       18G   0.05947   0.04619   0.02776    0.1334       684       512    0.1743    0.1129   0.07274   0.02602   0.07135   0.04752   0.04353
    45/199       18G   0.05957   0.04625   0.02774    0.1336       697       512   0.05952   0.08916   0.03686    0.0127   0.08039   0.04898   0.04639
    46/199       18G    0.0596   0.04731   0.02737    0.1343       643       512    0.2004    0.1541   0.08971    0.0328   0.06932   0.04379   0.03581
    47/199       18G   0.05962    0.0468     0.028    0.1344       807       512    0.1243   0.06606   0.01736  0.005667   0.08781   0.04926   0.07748
    48/199       18G   0.05989   0.04644   0.02777    0.1341       814       512     0.143    0.1491   0.05603   0.02066   0.07789   0.04103   0.06888
    49/199       18G   0.05916   0.04613   0.02796    0.1332       646       512    0.2117    0.2079    0.1448   0.05372   0.06324   0.03565   0.03353
    50/199       18G   0.05914   0.04668   0.02782    0.1336       704       512    0.1978    0.2532    0.1569   0.05522   0.06262   0.03551   0.02999
    51/199       18G   0.05924   0.04734   0.02767    0.1343       866       512    0.1999      0.26    0.1502   0.05417   0.06469   0.03144   0.03021
    52/199       18G    0.0589   0.04652   0.02755     0.133       744       512    0.1423    0.1751   0.08533   0.02605   0.07332   0.03851   0.03365
    53/199       18G    0.0593   0.04651   0.02797    0.1338       798       512    0.1943    0.1332   0.07535   0.02594   0.07269   0.04496   0.04732
    54/199       18G   0.05939   0.04528   0.02803    0.1327       784       512    0.2151    0.1681     0.123   0.04568   0.06746   0.04465   0.03549
    55/199       18G   0.05841   0.04594   0.02698    0.1313       617       512    0.1895    0.1775    0.1079   0.03884   0.06764    0.0407   0.04057
    56/199       18G   0.05914   0.04701   0.02801    0.1342       878       512    0.1758   0.06825   0.01372   0.00448     0.087   0.04697   0.07102
    57/199       18G   0.05876   0.04643   0.02732    0.1325       646       512    0.3049    0.1779    0.1106   0.04205   0.06739   0.03809   0.03215
    58/199       18G   0.05861   0.04622   0.02715     0.132       654       512    0.2255    0.1648   0.09348   0.03408   0.07142   0.03728   0.04153
    59/199       18G   0.05868   0.04674   0.02729    0.1327       795       512    0.1372    0.1792    0.0832   0.03075   0.07058   0.04132   0.03856
    60/199       18G   0.05889   0.04635   0.02752    0.1328       663       512    0.2844    0.1504    0.1175   0.04543   0.06604    0.0406   0.03509
    61/199       18G   0.05881   0.04699   0.02756    0.1334       729       512    0.3221    0.1565    0.1209   0.04174   0.06505   0.03659   0.03413
    62/199       18G   0.05848   0.04647   0.02758    0.1325       722       512    0.1733    0.1727   0.09554   0.03285   0.06845   0.03561   0.03555
    63/199       18G   0.05891    0.0469    0.0274    0.1332       697       512    0.3166    0.2015    0.1307   0.05262   0.06647   0.03418   0.03597
    64/199       18G   0.05812   0.04629   0.02756     0.132       771       512   0.06081    0.1513    0.0415   0.01201   0.07604   0.04088   0.04206
    65/199       18G    0.0584   0.04632   0.02736    0.1321       639       512   0.06857   0.06943   0.02394   0.00697   0.08342   0.04672   0.05518
    66/199       18G   0.05872    0.0457   0.02769    0.1321       670       512    0.1578    0.2218    0.1092   0.04045   0.06848   0.03968   0.03281
    67/199       18G   0.05861   0.04663   0.02732    0.1326       703       512    0.2287    0.2358    0.1544   0.05628   0.06345   0.03581   0.03009
    68/199       18G   0.05813   0.04577   0.02663    0.1305       624       512    0.1187    0.1596   0.06068    0.0183   0.07635   0.03954   0.05308
    69/199       18G   0.05824   0.04643   0.02694    0.1316       778       512    0.2348    0.2111    0.1382   0.05334   0.06355   0.03698   0.03839
    70/199       18G   0.05795   0.04663   0.02745     0.132       788       512    0.3286    0.1947     0.154   0.05933   0.06084   0.03471   0.02968
    71/199       18G   0.05805   0.04607   0.02751    0.1316       676       512     0.113    0.0442  0.009269  0.002797   0.08637   0.05371   0.07368
    72/199       18G   0.05831   0.04643   0.02727     0.132       774       512   0.03806   0.03194  0.005657  0.001522   0.08705   0.05867   0.06868
    73/199       18G   0.05882   0.04589   0.02748    0.1322       803       512    0.1694    0.1667   0.09371   0.03063   0.06897   0.04167   0.03667
    74/199       18G   0.05767   0.04657   0.02734    0.1316       718       512    0.2497    0.1756    0.1254     0.049   0.06397   0.03814   0.03251
    75/199       18G   0.05802   0.04663   0.02742    0.1321       813       512    0.1826    0.1811    0.1122   0.04244   0.06662   0.04277   0.03634
    76/199       18G    0.0577   0.04693   0.02706    0.1317       759       512    0.2229    0.2083    0.1406   0.05285   0.06391   0.03842   0.03209
    77/199       18G   0.05764    0.0456   0.02691    0.1301       670       512    0.1768    0.1715   0.09981   0.03252   0.06906    0.0441   0.03579
    78/199       18G   0.05794   0.04661   0.02729    0.1318       738       512    0.2332    0.2374      0.17   0.05619   0.06168    0.0335   0.03051
    79/199       18G   0.05768   0.04566    0.0275    0.1308       726       512    0.1221     0.098   0.04679   0.01537   0.07417   0.04577   0.04521
    80/199       18G   0.05784   0.04598   0.02718     0.131       638       512    0.2849    0.2634    0.1642   0.06217   0.06332    0.0329   0.02935
    81/199       18G    0.0574   0.04567    0.0268    0.1299       734       512     0.234     0.246    0.1699   0.06322   0.06175   0.03649   0.02975
    82/199       18G   0.05782   0.04634   0.02702    0.1312       884       512    0.2449    0.2714    0.1804   0.06229   0.06082   0.03128   0.02937
    83/199       18G   0.05771   0.04657   0.02728    0.1316       915       512    0.2337    0.3058    0.1947   0.07208   0.05952   0.03461   0.02818
    84/199       18G   0.05798   0.04635    0.0273    0.1316       821       512    0.2913    0.2187    0.1605   0.06422   0.05961   0.03537   0.02961
    85/199       18G   0.05776   0.04635   0.02718    0.1313       758       512    0.2454    0.2758    0.1784   0.06374   0.06053   0.03302   0.02955
    86/199       18G   0.05715   0.04534   0.02672    0.1292       690       512    0.2825     0.238    0.1863   0.06816   0.05939   0.03409   0.02866
    87/199       18G   0.05674   0.04615   0.02688    0.1298       616       512    0.2154    0.3068     0.187   0.07222   0.05825   0.03272   0.02772
    88/199       18G   0.05779   0.04712   0.02725    0.1322       780       512    0.1549    0.1748   0.08246   0.02754    0.0719   0.04929   0.04375
    89/199       18G    0.0568   0.04601    0.0267    0.1295       707       512    0.2332    0.2304    0.1569   0.05856   0.06152   0.03433   0.03133
    90/199       18G   0.05754   0.04546   0.02703      0.13       667       512    0.1323    0.1911   0.08863   0.02835   0.07007   0.04139   0.03363
    91/199       18G   0.05693   0.04637   0.02669      0.13       674       512    0.2712    0.2676    0.2025   0.07264   0.05795   0.03184   0.02813
    92/199       18G   0.05726   0.04626   0.02684    0.1304       712       512    0.2833    0.2703    0.2088   0.07586   0.05787   0.03322   0.02741
    93/199       18G   0.05723   0.04674   0.02716    0.1311       752       512    0.2471    0.2899     0.175   0.06741   0.05977   0.03372   0.02859
    94/199       18G   0.05701    0.0456   0.02694    0.1295       715       512    0.2593    0.2155    0.1614   0.05965   0.06205   0.03611   0.02949
    95/199       18G   0.05724   0.04611     0.027    0.1304       707       512    0.1976    0.2067    0.1508   0.06227   0.06079   0.03808    0.0307
    96/199       18G   0.05686   0.04604   0.02693    0.1298       757       512    0.2118    0.2518    0.1609   0.06304    0.0598   0.03547   0.03025
    97/199       18G   0.05658   0.04557    0.0263    0.1284       658       512    0.2699    0.2456    0.1969   0.07502   0.05844   0.03263   0.02801
    98/199       18G   0.05678   0.04603   0.02668    0.1295       681       512    0.2694    0.3123    0.2188   0.08179   0.05665   0.03128    0.0275
    99/199       18G   0.05657   0.04577   0.02641    0.1288       648       512    0.2744    0.2884    0.2117   0.08152   0.05743   0.03183   0.02748
   100/199       18G   0.05667   0.04681   0.02668    0.1302       838       512    0.1816    0.2261    0.1342    0.0527   0.06189   0.03777   0.03093
   101/199       18G    0.0566   0.04626    0.0265    0.1294       808       512    0.2568    0.2911    0.2007   0.07684   0.05734   0.03241   0.02765
   102/199       18G   0.05646   0.04621   0.02652    0.1292       742       512    0.2583    0.2744     0.191   0.07115   0.05922   0.03427   0.02881
   103/199       18G   0.05641   0.04626   0.02646    0.1291       730       512    0.2657    0.2741    0.2038   0.07866   0.05764   0.03142   0.02779
   104/199       18G   0.05631   0.04551    0.0265    0.1283       782       512    0.2624    0.3207     0.227   0.08689   0.05642     0.031   0.02735
   105/199       18G   0.05606   0.04609   0.02614    0.1283       815       512    0.2556    0.2492    0.1765   0.06859   0.06001   0.03353   0.02844
   106/199       18G   0.05668   0.04585   0.02659    0.1291       903       512     0.284    0.2745    0.2063   0.08195   0.05672   0.03181   0.02775
   107/199       18G   0.05608   0.04509   0.02594    0.1271       727       512    0.2922    0.2888    0.2254   0.08317   0.05671   0.03089   0.02713
   108/199       18G   0.05576   0.04535   0.02609    0.1272       618       512    0.2933    0.3178    0.2354    0.0874   0.05668   0.03209    0.0273
   109/199       18G   0.05608   0.04638   0.02665    0.1291       797       512    0.2809    0.2928    0.2206   0.08427   0.05647    0.0326   0.02722
   110/199       18G   0.05594   0.04648   0.02642    0.1288       767       512    0.2733    0.3299    0.2314    0.0861   0.05631   0.03039   0.02725
   111/199       18G   0.05566    0.0454   0.02618    0.1272       695       512    0.2785    0.3197    0.2248     0.085   0.05783   0.03103   0.02805
   112/199       18G   0.05536   0.04564   0.02602     0.127       667       512    0.2294    0.2536    0.1586   0.06304   0.06199   0.03343   0.03079
   113/199       18G   0.05577    0.0454   0.02594    0.1271       653       512    0.1828    0.2338    0.1297   0.04934   0.06314   0.03686   0.03409
   114/199       18G   0.05597   0.04597   0.02617    0.1281       637       512    0.2893    0.2626    0.1951   0.06975   0.05988   0.03234   0.02782
   115/199       18G   0.05616   0.04589   0.02642    0.1285       674       512    0.2825    0.3086    0.2374   0.09204   0.05523   0.03163   0.02652
   116/199       18G   0.05549   0.04477   0.02556    0.1258       769       512    0.2716    0.3098    0.2283   0.08773   0.05546   0.03108   0.02681
   117/199       18G   0.05552   0.04512   0.02605    0.1267       597       512    0.2936    0.2861    0.2259   0.08825   0.05592   0.03089   0.02719
   118/199       18G   0.05562   0.04546   0.02628    0.1274       771       512    0.3338    0.2553    0.2269   0.08742   0.05586   0.03179   0.02695
   119/199       18G   0.05526   0.04485   0.02579    0.1259       674       512    0.3245    0.2828    0.2398   0.09096   0.05548   0.03066   0.02668
   120/199       18G   0.05569   0.04587   0.02605    0.1276       779       512    0.3119      0.31     0.236   0.08964   0.05576   0.03001   0.02652
   121/199       18G   0.05522   0.04476   0.02543    0.1254       766       512    0.3227    0.2981    0.2402   0.09122   0.05546   0.03048   0.02644
   122/199       18G   0.05506   0.04553   0.02601    0.1266       754       512    0.3368    0.2793     0.241   0.09433   0.05569   0.03021   0.02656
   123/199       18G   0.05559   0.04586   0.02626    0.1277       786       512    0.3279    0.2839    0.2349   0.09374   0.05562   0.03059   0.02702
   124/199       18G   0.05513   0.04489   0.02604     0.126       777       512    0.2801    0.3147    0.2368    0.0917   0.05469   0.03081   0.02661
   125/199       18G   0.05512   0.04534   0.02568    0.1261       776       512    0.2872    0.3397    0.2429   0.09194   0.05499   0.03005   0.02661
   126/199       18G   0.05496   0.04438   0.02532    0.1247       804       512    0.2979    0.3082     0.242    0.0921   0.05473   0.03021   0.02636
   127/199       18G   0.05521   0.04551    0.0253     0.126       702       512    0.2984    0.3386    0.2552   0.09754   0.05444   0.02995   0.02607
   128/199       18G   0.05449   0.04391   0.02558     0.124       818       512    0.2745    0.2885    0.2075   0.07637   0.05826    0.0343   0.02759
   129/199       18G   0.05419   0.04493   0.02544    0.1246       664       512    0.2915    0.2814    0.2189   0.08473   0.05606   0.03231   0.02659
   130/199       18G   0.05439   0.04466   0.02535    0.1244       742       512    0.3163    0.3346     0.256   0.09925   0.05481   0.02985    0.0262
   131/199       18G   0.05427   0.04528   0.02532    0.1249       846       512    0.3296    0.3173    0.2591   0.09944   0.05417   0.03024   0.02585
   132/199       18G   0.05491   0.04526   0.02534    0.1255       742       512    0.2928    0.2751    0.2146   0.08214   0.05706   0.03269   0.02716
   133/199       18G   0.05478   0.04433   0.02543    0.1245       695       512    0.3217    0.3117     0.257   0.09984   0.05397    0.0301   0.02612
   134/199       18G   0.05474   0.04513    0.0252    0.1251       745       512    0.3355    0.3127    0.2586    0.1009    0.0542   0.02993   0.02617
   135/199       18G   0.05416   0.04466   0.02535    0.1242       618       512     0.275    0.3055     0.234   0.09013   0.05449   0.03093   0.02671
   136/199       18G   0.05457    0.0452   0.02549    0.1253       697       512    0.3139    0.3274    0.2624    0.1009   0.05362   0.02943   0.02551
   137/199       18G   0.05414   0.04376   0.02477    0.1227       644       512    0.3155    0.3276     0.258   0.09913    0.0542   0.02993   0.02623
   138/199     21.3G   0.05388   0.04486   0.02506    0.1238       807       512    0.3165    0.2987    0.2536    0.0994     0.054   0.03019   0.02562
   139/199     21.3G    0.0537    0.0445   0.02507    0.1233       663       512    0.3223    0.3144    0.2518   0.09853   0.05421    0.0297   0.02566
   140/199     21.3G   0.05366   0.04389   0.02506    0.1226       682       512    0.3093    0.3229    0.2553   0.09999   0.05412   0.02989   0.02606
   141/199     21.3G   0.05399   0.04473   0.02525     0.124       710       512    0.3106    0.3201    0.2436   0.09554   0.05477   0.03009   0.02623
   142/199     21.3G   0.05393   0.04409   0.02525    0.1233       787       512    0.3084     0.335    0.2616    0.1021   0.05386    0.0296   0.02566
   143/199     21.3G   0.05354   0.04562   0.02506    0.1242       811       512    0.3337    0.3125    0.2575    0.1002   0.05403   0.02979   0.02572
   144/199     21.3G   0.05363   0.04391   0.02513    0.1227       651       512    0.3591    0.3004     0.266    0.1038   0.05347   0.02971   0.02564
   145/199     21.3G   0.05383     0.044   0.02491    0.1227       769       512    0.3601    0.2846     0.256     0.101   0.05441   0.03063   0.02616
   146/199     21.3G   0.05327   0.04387   0.02472    0.1219       636       512     0.354    0.3033    0.2652    0.1032   0.05377   0.03015   0.02553
   147/199     21.3G   0.05354   0.04472   0.02501    0.1233       726       512    0.3376    0.3168    0.2698    0.1043   0.05326   0.02955   0.02543
   148/199     21.3G   0.05333   0.04332   0.02446    0.1211       620       512    0.3204    0.3247    0.2591    0.1004   0.05391   0.02973   0.02575
   149/199     21.3G   0.05295   0.04369   0.02466    0.1213       673       512    0.3298    0.3297    0.2626    0.1026   0.05381   0.02944   0.02565
   150/199     21.3G   0.05295   0.04483   0.02486    0.1226       796       512    0.3468    0.3322    0.2658    0.1032   0.05379   0.02953   0.02589
   151/199     21.3G   0.05327   0.04424   0.02466    0.1222       768       512    0.3256     0.325    0.2643    0.1043   0.05405   0.02953   0.02563
   152/199     21.3G   0.05295   0.04375   0.02441    0.1211       794       512    0.3405    0.3207    0.2739    0.1074   0.05354   0.02956   0.02548
   153/199     21.3G   0.05295   0.04356   0.02459    0.1211       607       512    0.3322    0.3165    0.2607    0.1034   0.05382   0.02971   0.02557
   154/199     21.3G   0.05281   0.04442    0.0245    0.1217       748       512    0.3305    0.3295    0.2673    0.1056   0.05317   0.02939   0.02552
   155/199     21.3G   0.05308   0.04372   0.02465    0.1215       719       512    0.3722     0.308    0.2722    0.1071   0.05294   0.02909   0.02534
   156/199     21.3G   0.05255   0.04262   0.02419    0.1194       752       512    0.3502    0.3249    0.2767    0.1093   0.05295   0.02921   0.02544
   157/199     21.3G   0.05273   0.04302   0.02445    0.1202       774       512    0.3604    0.3265    0.2746    0.1077   0.05293    0.0291   0.02547
   158/199     21.3G    0.0524   0.04327   0.02422    0.1199       700       512    0.3466    0.3185    0.2706     0.105   0.05321   0.02926   0.02557
   159/199     21.3G   0.05284   0.04276   0.02448    0.1201       717       512    0.3295    0.3474    0.2783    0.1102    0.0529   0.02904   0.02517
   160/199     21.3G   0.05284    0.0436   0.02471    0.1211       682       512    0.3285    0.3479    0.2746    0.1087    0.0531   0.02912   0.02537
   161/199     21.3G   0.05254   0.04348   0.02432    0.1203       777       512    0.3611     0.303    0.2697    0.1057   0.05327   0.02964   0.02551
   162/199     21.3G   0.05282   0.04332    0.0244    0.1205       770       512    0.3448     0.324    0.2773    0.1083   0.05305   0.02935   0.02545
   163/199     21.3G   0.05248   0.04307   0.02423    0.1198       816       512     0.355    0.3178    0.2771    0.1096   0.05282   0.02896   0.02523
   164/199     21.3G   0.05192   0.04279   0.02354    0.1183       685       512    0.3524     0.323    0.2772    0.1083   0.05281   0.02911   0.02525
   165/199     21.3G   0.05223   0.04306   0.02433    0.1196       776       512    0.3397     0.337    0.2768    0.1067   0.05286   0.02916   0.02517
   166/199     21.3G   0.05192   0.04301   0.02403     0.119       628       512    0.3564    0.3349    0.2798     0.108   0.05281   0.02897   0.02506
   167/199     21.3G   0.05178   0.04294   0.02351    0.1182       678       512    0.3528    0.3236    0.2772    0.1092   0.05302   0.02923   0.02527
   168/199     21.3G   0.05184   0.04276   0.02383    0.1184       722       512    0.3215    0.3638    0.2787    0.1092   0.05279   0.02907   0.02507
   169/199     21.3G    0.0515   0.04246   0.02372    0.1177       848       512     0.345    0.3398    0.2832     0.112   0.05263   0.02905   0.02515
   170/199     21.3G   0.05184   0.04382   0.02437      0.12       774       512    0.3801    0.2986     0.283    0.1106   0.05257   0.02915   0.02494
   171/199     21.3G   0.05186   0.04345   0.02338    0.1187       732       512    0.3664    0.3192    0.2849    0.1118    0.0524   0.02904   0.02499
   172/199     21.3G   0.05188   0.04331   0.02377     0.119       720       512     0.359    0.3206    0.2848    0.1124   0.05246    0.0291    0.0249
   173/199     21.3G   0.05188   0.04322   0.02395    0.1191       745       512    0.3403    0.3344    0.2847    0.1123   0.05265   0.02903    0.0251
   174/199     21.3G   0.05217   0.04318     0.024    0.1193       927       512    0.3175    0.3597    0.2785    0.1104   0.05267   0.02901   0.02507
   175/199     21.3G   0.05191   0.04293    0.0238    0.1186       667       512    0.3515     0.335    0.2837    0.1116   0.05248   0.02904   0.02512
   176/199     21.3G   0.05147   0.04322   0.02358    0.1183       655       512    0.3124    0.3608    0.2801    0.1122   0.05243   0.02899   0.02497
   177/199     21.3G   0.05162   0.04228    0.0236    0.1175       707       512      0.33    0.3499    0.2811     0.112   0.05249   0.02889   0.02497
   178/199     21.3G   0.05135   0.04244   0.02386    0.1176       811       512    0.3669    0.3287    0.2836    0.1126   0.05238   0.02894   0.02499
   179/199     21.3G   0.05188   0.04281   0.02396    0.1186       767       512     0.347    0.3406    0.2847    0.1127   0.05245   0.02902   0.02496
   180/199     21.3G   0.05146   0.04277   0.02371    0.1179       709       512    0.3554    0.3448    0.2871    0.1144   0.05238    0.0289   0.02487
   181/199     21.3G   0.05092   0.04257   0.02336    0.1168       755       512    0.3526    0.3333    0.2848    0.1128   0.05245   0.02891   0.02504
   182/199     21.3G   0.05131   0.04296   0.02371     0.118       761       512    0.3361    0.3471    0.2857    0.1131    0.0524     0.029   0.02485
   183/199     21.3G   0.05149   0.04283   0.02378    0.1181       897       512    0.3613    0.3414    0.2884    0.1142   0.05249   0.02903   0.02481
   184/199     21.3G   0.05121   0.04178   0.02356    0.1166       637       512    0.3498    0.3351    0.2871    0.1141    0.0524   0.02891   0.02477
   185/199     21.3G   0.05103   0.04263   0.02344    0.1171       758       512    0.3628    0.3268    0.2846    0.1137   0.05249   0.02891   0.02488
   186/199     21.3G   0.05061   0.04219   0.02356    0.1164       722       512    0.3682    0.3341    0.2884    0.1135   0.05246   0.02898   0.02487
   187/199     21.3G   0.05062   0.04244   0.02286    0.1159       768       512    0.3602    0.3386    0.2879    0.1134   0.05226   0.02889   0.02487
   188/199     21.3G   0.05098   0.04211   0.02352    0.1166       723       512    0.3532     0.338    0.2904    0.1147   0.05228    0.0288   0.02486
   189/199     21.3G    0.0511   0.04247   0.02336    0.1169       763       512     0.342    0.3491    0.2908    0.1145   0.05225   0.02903    0.0248
   190/199     21.3G   0.05094   0.04282   0.02331    0.1171       786       512    0.3432    0.3383    0.2864    0.1137   0.05235   0.02899   0.02496
   191/199     21.3G   0.05084   0.04249   0.02329    0.1166       739       512    0.3549    0.3433    0.2888    0.1133   0.05227   0.02891   0.02485
   192/199     21.3G   0.05075   0.04261    0.0234    0.1168       731       512    0.3787    0.3248    0.2865    0.1127   0.05226   0.02892   0.02482
   193/199     21.3G   0.05062   0.04213   0.02297    0.1157       882       512    0.3961    0.3083    0.2907    0.1133   0.05215   0.02892   0.02465
   194/199     21.3G   0.05062   0.04122   0.02325    0.1151       692       512    0.3417    0.3671    0.2943    0.1159   0.05204   0.02885   0.02463
   195/199     21.3G   0.05029   0.04142   0.02309    0.1148       770       512    0.3254    0.3712    0.2888    0.1135   0.05223   0.02888   0.02477
   196/199     21.3G   0.05057   0.04227   0.02327    0.1161       681       512    0.3474    0.3466    0.2902    0.1151   0.05218   0.02878   0.02482
   197/199     21.3G   0.05126   0.04252    0.0233    0.1171       726       512    0.3468    0.3527     0.293    0.1148   0.05228   0.02882   0.02489
   198/199     21.3G   0.05059   0.04262   0.02336    0.1166       742       512    0.3587    0.3347    0.2944    0.1163    0.0521   0.02877   0.02481
   199/199     21.3G   0.05114   0.04273   0.02336    0.1172       768       512      0.36    0.3369    0.2934    0.1152   0.05219   0.02879    0.0248
