     0/199       19G   0.08038   0.02777   0.04471    0.1529        61      1024         0         0         0         0       nan       nan       nan
     1/199       18G   0.08173   0.02838   0.04896    0.1591        42      1024    0.0722   0.01406 0.0003194 5.658e-05   0.08113   0.01956    0.0507
     2/199       18G   0.08042   0.02848   0.04709     0.156        63      1024  0.000332   0.01155  4.09e-05 9.892e-06   0.08626   0.01856   0.05533
     3/199       18G   0.07856   0.02844   0.04364    0.1506        42      1024    0.1436  0.008787 0.0004378  9.34e-05   0.08699   0.01866   0.04833
     4/199       18G   0.07734   0.02705   0.03943    0.1438        91      1024    0.2295   0.02506   0.01001  0.003382   0.07918   0.01878   0.03789
     5/199       18G   0.07583   0.02768   0.03813    0.1416        29      1024    0.5065   0.01198  0.003406 0.0009002   0.07833    0.0185   0.04445
     6/199       18G   0.07494   0.02673   0.03656    0.1382        93      1024    0.2985   0.03633   0.01008  0.002813   0.07555   0.01843   0.03876
     7/199       18G    0.0733   0.02684   0.03595    0.1361        95      1024  0.002408  0.008142 0.0003021 0.0001074   0.08363   0.01933   0.05509
     8/199       18G   0.07226   0.02708   0.03512    0.1345        67      1024    0.4514   0.05171   0.01678  0.005118   0.07401   0.01975   0.03744
     9/199       18G   0.07128   0.02702   0.03528    0.1336        61      1024    0.4306  0.004586 0.0001647 4.594e-05   0.08961   0.01894   0.05738
    10/199       18G   0.07073   0.02677   0.03474    0.1322        64      1024    0.3626   0.04972  0.002069 0.0007074   0.07751   0.02196   0.05278
    11/199       18G    0.0707   0.02705   0.03452    0.1323        86      1024    0.3661   0.01589  0.002184  0.000662   0.08044   0.02034   0.04925
    12/199       18G   0.06957   0.02702   0.03399    0.1306        43      1024   0.08172 0.0007872 0.0004948 0.0002006   0.08804   0.02102   0.07536
    13/199       18G   0.06954   0.02671   0.03329    0.1295        38      1024   0.07719    0.0337 0.0004755 0.0001741    0.0822   0.02271   0.07644
    14/199       18G   0.06929     0.027   0.03346    0.1298        59      1024    0.4417   0.04926   0.01037  0.003097   0.07421   0.02072   0.03883
    15/199       18G   0.06953   0.02677   0.03371      0.13        82      1024    0.2951   0.02382  0.001585 0.0003717   0.08226   0.03036   0.06831
    16/199       18G   0.06813   0.02674   0.03299    0.1279        60      1024    0.3582   0.03207  0.000367 7.166e-05   0.08919   0.01831   0.06181
    17/199       18G    0.0683    0.0275   0.03336    0.1292        67      1024    0.5279   0.06496    0.0197  0.007439   0.06738   0.01893   0.03291
    18/199       18G   0.06803   0.02661    0.0325    0.1271        29      1024  0.009491   0.02061   0.00342 0.0009874    0.0814   0.01984   0.05079
    19/199       18G   0.06827   0.02705   0.03329    0.1286        58      1024     0.151   0.02681  0.003165  0.001092   0.07723   0.02036   0.04985
    20/199       18G   0.06776   0.02702   0.03349    0.1283        48      1024      0.51   0.02496  0.004677  0.001716   0.07999   0.01959   0.05299
    21/199       18G   0.06796   0.02674   0.03305    0.1277        77      1024    0.5296   0.04201   0.01391  0.004956   0.07594    0.0248   0.04244
    22/199       18G   0.06721   0.02678    0.0331    0.1271        44      1024     0.229    0.1154   0.01299  0.003557   0.07571   0.02868   0.04005
    23/199       18G   0.06719   0.02629   0.03267    0.1262        47      1024     0.229   0.01033  0.001358 0.0005438   0.07961   0.02032    0.0558
    24/199       18G   0.06678   0.02646    0.0323    0.1255        51      1024    0.3648  0.009879  0.001022 0.0003111   0.07985   0.02099    0.0646
    25/199       18G   0.06674   0.02635   0.03305    0.1262        73      1024  0.004265   0.01241 0.0001949 6.427e-05   0.07874   0.02244   0.06249
    26/199       18G   0.06625   0.02648   0.03206    0.1248        65      1024    0.2028   0.05825   0.01546  0.004768   0.07227   0.01878   0.03856
    27/199       18G   0.06638   0.02661     0.033     0.126        44      1024    0.3934    0.1338   0.03219    0.0123   0.06301   0.01864    0.0308
    28/199       18G   0.06604   0.02616   0.03259    0.1248        49      1024    0.3256    0.0691   0.02162  0.008485   0.06732    0.0192   0.03483
    29/199       18G   0.06597    0.0263   0.03241    0.1247        82      1024    0.2957    0.1432   0.04293   0.01273    0.0662   0.02547   0.03147
    30/199       18G   0.06598   0.02555   0.03238    0.1239        39      1024    0.2897   0.08569   0.02879   0.01028   0.06432   0.01862   0.03459
    31/199       18G   0.06489    0.0257   0.03132    0.1219        50      1024    0.2744    0.1325   0.04025   0.01474   0.06302   0.01924   0.03082
    32/199       18G   0.06514   0.02558   0.03158    0.1223        64      1024      0.22   0.08863   0.02819  0.009939   0.06509   0.01875   0.03489
    33/199       18G   0.06488   0.02545    0.0314    0.1217        92      1024    0.2282    0.1212   0.03165   0.01115    0.0672     0.018   0.03403
    34/199       18G   0.06485   0.02528   0.03182     0.122        44      1024    0.1334   0.09008   0.02186  0.007556   0.06696   0.01905   0.04016
    35/199       18G   0.06414   0.02529   0.03111    0.1205        50      1024    0.3631    0.1234   0.05168   0.01851    0.0632   0.01789   0.03118
    36/199       18G   0.06416   0.02499   0.03117    0.1203        66      1024    0.1906   0.08675   0.02021   0.00633   0.06949   0.01887    0.0396
    37/199       18G   0.06414   0.02539   0.03125    0.1208        40      1024    0.3054    0.1535   0.06877   0.02575   0.06074   0.01797   0.02952
    38/199       18G   0.06388   0.02502   0.03041    0.1193        86      1024    0.3006    0.1532   0.07154   0.02582    0.0601   0.01649   0.02983
    39/199       18G   0.06366   0.02525   0.03087    0.1198        48      1024     0.401   0.09203   0.04949   0.01737   0.06484   0.01906   0.03214
    40/199       18G   0.06339   0.02422   0.03034    0.1179        55      1024     0.267    0.1322   0.06572   0.02482   0.05995   0.01689   0.02927
    41/199       18G   0.06307   0.02509   0.03101    0.1192        45      1024    0.2503    0.1831   0.07733    0.0298    0.0598   0.01616   0.02931
    42/199       18G   0.06314   0.02496   0.03089     0.119        63      1024    0.2064    0.1913   0.08376   0.03027   0.05984   0.01659   0.02911
    43/199       18G   0.06283   0.02443   0.03019    0.1175        21      1024    0.3043    0.1717   0.08182   0.03005    0.0586   0.01602   0.02858
    44/199       18G   0.06294    0.0244   0.03049    0.1178        78      1024     0.397    0.1624    0.0846   0.03163   0.05821   0.01626   0.02864
    45/199       18G   0.06266   0.02425   0.03055    0.1175        64      1024    0.2648    0.1915   0.08588   0.03229    0.0582   0.01618   0.02863
    46/199       18G   0.06253   0.02437   0.03042    0.1173        42      1024    0.2746    0.1822   0.08744   0.03336   0.05809   0.01589   0.02865
    47/199       18G    0.0626   0.02432   0.03001    0.1169        76      1024    0.2612    0.1875   0.07744   0.02937   0.05909   0.01617   0.02897
    48/199       18G   0.06249   0.02415   0.03037     0.117        44      1024    0.2666    0.1924   0.08896    0.0339   0.05772    0.0162   0.02843
    49/199       18G   0.06208    0.0243   0.03004    0.1164        52      1024    0.2716    0.1956   0.08589   0.03283   0.05964   0.01582   0.02976
    50/199       18G    0.0623   0.02395   0.03014    0.1164        37      1024    0.3146    0.1775   0.09551   0.03578   0.05752   0.01565   0.02848
    51/199       18G    0.0623   0.02429   0.02981    0.1164        30      1024    0.2882    0.1612   0.08582   0.03336    0.0582    0.0167   0.02845
    52/199       18G   0.06219   0.02376   0.03024    0.1162        96      1024    0.3784    0.1635   0.09742   0.03744   0.05731   0.01573   0.02842
    53/199       18G   0.06191   0.02416   0.02997     0.116        72      1024    0.3264    0.1846    0.1014   0.03878   0.05711   0.01563   0.02829
    54/199       18G   0.06174   0.02369   0.02992    0.1153        39      1024      0.32    0.1745   0.09465   0.03688   0.05749   0.01604   0.02836
    55/199       18G   0.06177   0.02376   0.03007    0.1156        72      1024    0.3301    0.1777   0.07015   0.02712   0.05908   0.01689   0.02961
    56/199       18G   0.06137   0.02399   0.02957    0.1149         9      1024    0.3219    0.1771   0.08595    0.0326   0.05946   0.01585    0.0295
    57/199       18G   0.06149    0.0237    0.0296    0.1148        27      1024    0.2759     0.206   0.09612   0.03699   0.05754   0.01587   0.02866
    58/199       18G   0.06164   0.02419   0.02958    0.1154        64      1024    0.2294     0.201    0.1007   0.03846   0.05717    0.0158   0.02842
    59/199       18G   0.06143   0.02386   0.02924    0.1145        97      1024    0.3026    0.1876    0.1016   0.03866   0.05704   0.01564   0.02824
    60/199       18G   0.06152   0.02378   0.02985    0.1151        68      1024    0.3017    0.2123    0.1089   0.04113   0.05683   0.01532   0.02822
    61/199       18G   0.06115   0.02384   0.02953    0.1145        41      1024     0.263    0.2261     0.105    0.0401   0.05668   0.01551   0.02815
    62/199       18G   0.06103   0.02342   0.02989    0.1143        47      1024     0.268    0.2193    0.1073   0.04078   0.05657   0.01539   0.02821
    63/199       18G   0.06114   0.02378   0.02975    0.1147        75      1024    0.2854    0.2154    0.1099   0.04136   0.05647   0.01531   0.02811
    64/199       18G   0.06092    0.0233   0.02946    0.1137        60      1024    0.3051    0.2003    0.1109   0.04241   0.05642   0.01531   0.02796
    65/199       18G   0.06127   0.02378   0.02977    0.1148        55      1024    0.3142    0.1953    0.1116   0.04211   0.05642   0.01522   0.02792
    66/199       18G    0.0611   0.02327   0.02978    0.1141        33      1024    0.2909    0.2139     0.111   0.04218   0.05645   0.01526   0.02793
    67/199     17.6G   0.06101   0.02378   0.02911    0.1139        61      1024    0.3218    0.1882    0.1099   0.04135   0.05642   0.01532   0.02793
    68/199     17.6G   0.06084   0.02357   0.02916    0.1136        42      1024    0.3096    0.1954    0.1109   0.04188   0.05636   0.01527   0.02788
    69/199     17.6G   0.06111   0.02357   0.02925    0.1139        63      1024    0.3063    0.1982    0.1123   0.04263   0.05632   0.01523   0.02787
    70/199     17.6G   0.06039    0.0234   0.02928    0.1131        42      1024    0.2883    0.2114    0.1104   0.04216   0.05633   0.01531    0.0278
    71/199     17.6G   0.06064   0.02281   0.02938    0.1128        91      1024    0.3092     0.199     0.111   0.04262   0.05627   0.01526   0.02777
    72/199     17.6G   0.06056   0.02339   0.02963    0.1136        29      1024    0.2997    0.2036    0.1089   0.04171   0.05636   0.01538   0.02778
    73/199     17.6G   0.06086   0.02282   0.02911    0.1128        93      1024     0.301    0.2022    0.1111   0.04304   0.05623    0.0152   0.02776
    74/199     17.6G   0.06026   0.02308   0.02898    0.1123        95      1024    0.2886    0.2074    0.1096    0.0423   0.05627   0.01534   0.02775
    75/199     17.6G   0.06095   0.02328   0.02939    0.1136        67      1024    0.2939     0.203    0.1106   0.04287    0.0562   0.01529   0.02772
    76/199     17.6G   0.06016    0.0232   0.02949    0.1128        61      1024    0.2944    0.2117    0.1094   0.04205   0.05624   0.01535   0.02774
    77/199     17.6G    0.0605     0.023   0.02914    0.1126        64      1024    0.2235    0.2137      0.11   0.04238   0.05622   0.01529   0.02775
    78/199     17.6G   0.06064   0.02327   0.02929    0.1132        86      1024    0.2187    0.2155    0.1085   0.04151   0.05626   0.01538   0.02774
    79/199     17.6G   0.05974   0.02333   0.02898    0.1121        43      1024    0.2339    0.2148     0.112   0.04267   0.05616   0.01521   0.02771
    80/199     17.6G   0.06003   0.02304   0.02854    0.1116        38      1024     0.318    0.1992    0.1115   0.04244   0.05614   0.01526   0.02769
    81/199     17.6G   0.06013    0.0233   0.02891    0.1123        59      1024     0.317     0.199    0.1111   0.04235   0.05613   0.01529    0.0277
    82/199     17.6G   0.06012   0.02308   0.02896    0.1122        82      1024    0.3043    0.2021    0.1097   0.04198   0.05613   0.01531   0.02773
    83/199     17.6G   0.05927   0.02318   0.02837    0.1108        60      1024    0.3011    0.2106    0.1112   0.04266    0.0561   0.01523   0.02771
    84/199     17.6G   0.06001   0.02381   0.02901    0.1128        67      1024    0.2188    0.2204    0.1117   0.04272    0.0561   0.01523   0.02769
    85/199     17.6G   0.05949   0.02293   0.02815    0.1106        29      1024    0.3022    0.2065    0.1111   0.04245    0.0561   0.01529   0.02768
    86/199     17.6G   0.05982   0.02324   0.02889     0.112        58      1024     0.311     0.206    0.1114   0.04254    0.0561   0.01524   0.02769
    87/199     17.6G   0.05954   0.02333   0.02926    0.1121        48      1024    0.3102    0.2086    0.1116    0.0426   0.05608   0.01525   0.02767
    88/199     17.6G   0.05978   0.02288   0.02872    0.1114        77      1024    0.3111    0.2053    0.1113   0.04264   0.05605   0.01522   0.02766
    89/199     17.6G    0.0595   0.02306    0.0287    0.1113        44      1024    0.2919    0.2133    0.1101   0.04234   0.05607    0.0153   0.02766
    90/199     17.6G   0.05966   0.02272   0.02831    0.1107        47      1024    0.3022      0.21     0.111   0.04258   0.05606   0.01526   0.02765
    91/199     17.6G   0.05955   0.02311   0.02813    0.1108        51      1024    0.2206    0.2181    0.1114    0.0428   0.05603   0.01522   0.02764
    92/199     17.6G   0.05981    0.0231   0.02915    0.1121        73      1024    0.2257     0.215    0.1111   0.04287   0.05603   0.01525   0.02763
    93/199     17.6G   0.05945   0.02312   0.02829    0.1109        65      1024    0.2276     0.214    0.1109    0.0427   0.05602   0.01526   0.02763
    94/199     17.6G   0.05972   0.02333   0.02909    0.1121        44      1024    0.2281    0.2139    0.1114   0.04264   0.05602   0.01525   0.02763
    95/199     17.6G   0.05938   0.02302   0.02878    0.1112        49      1024    0.2266    0.2144    0.1118   0.04282   0.05601   0.01523   0.02761
    96/199     17.6G   0.05933   0.02329    0.0287    0.1113        82      1024    0.2281     0.212    0.1112    0.0424   0.05602   0.01524    0.0276
    97/199     17.6G   0.05986    0.0226   0.02897    0.1114        39      1024    0.2285    0.2104    0.1112   0.04256   0.05603   0.01526   0.02759
    98/199     17.6G   0.05862    0.0228   0.02786    0.1093        50      1024    0.2179    0.2191    0.1104    0.0423   0.05602    0.0153   0.02758
    99/199     17.6G   0.05917   0.02283   0.02825    0.1102        64      1024    0.3231    0.1942    0.1115   0.04252     0.056   0.01526   0.02757
   100/199     17.6G     0.059   0.02272   0.02827      0.11        92      1024    0.3075    0.1988    0.1095     0.042   0.05601   0.01532   0.02756
   101/199     17.6G   0.05921   0.02265   0.02872    0.1106        44      1024    0.3045    0.2007    0.1093    0.0419   0.05604   0.01536   0.02757
   102/199     17.6G   0.05881    0.0228   0.02813    0.1097        50      1024    0.2987    0.2012    0.1086   0.04184   0.05605   0.01542   0.02757
   103/199     17.6G   0.05888   0.02269   0.02826    0.1098        66      1024    0.2114    0.2203    0.1091   0.04204   0.05605   0.01543   0.02756
   104/199     17.6G   0.05873   0.02296   0.02822    0.1099        40      1024    0.2103    0.2164    0.1082   0.04171   0.05606   0.01548   0.02756
   105/199     17.6G   0.05871   0.02278   0.02777    0.1093        86      1024    0.2123    0.2143     0.108   0.04174   0.05607   0.01551   0.02756
   106/199     17.6G   0.05865   0.02301   0.02831      0.11        48      1024    0.2141    0.2145    0.1082   0.04183   0.05607    0.0155   0.02756
   107/199     17.6G   0.05866   0.02213   0.02792    0.1087        55      1024    0.2108     0.218    0.1082   0.04184   0.05608   0.01555   0.02756
   108/199     17.6G   0.05865   0.02294   0.02856    0.1101        45      1024    0.2048    0.2228    0.1076   0.04173    0.0561    0.0156   0.02756
   109/199     17.6G   0.05859   0.02295   0.02844      0.11        63      1024    0.2149    0.2059    0.1077    0.0417    0.0561   0.01561   0.02756
   110/199     17.6G   0.05843   0.02243   0.02766    0.1085        21      1024    0.2905    0.2026    0.1068   0.04145   0.05611   0.01566   0.02756
   111/199     17.6G   0.05849   0.02249    0.0283    0.1093        78      1024    0.2149    0.2067    0.1062   0.04127   0.05614   0.01571   0.02756
   112/199     17.6G   0.05864   0.02235   0.02827    0.1093        64      1024    0.2877    0.2039    0.1057    0.0412   0.05614   0.01576   0.02756
   113/199     17.6G   0.05837   0.02255   0.02817    0.1091        42      1024    0.2877    0.1976    0.1043   0.04064    0.0562   0.01585   0.02757
   114/199     17.6G   0.05832   0.02247   0.02776    0.1085        76      1024    0.2826    0.2018    0.1036   0.04056   0.05623    0.0159   0.02757
   115/199     17.6G   0.05818   0.02236   0.02823    0.1088        44      1024     0.283    0.1978    0.1026   0.04022   0.05627   0.01598   0.02759
   116/199     17.6G   0.05823   0.02254   0.02799    0.1088        52      1024    0.2058    0.2031    0.1022   0.04005    0.0563   0.01602    0.0276
   117/199     17.6G   0.05843   0.02228   0.02812    0.1088        37      1024    0.2776    0.1992    0.1017   0.03974   0.05633   0.01609    0.0276
   118/199     17.6G   0.05842   0.02249    0.0276    0.1085        30      1024    0.2011    0.2042    0.1014   0.03978   0.05636   0.01616    0.0276
   119/199     17.6G   0.05839   0.02206    0.0281    0.1086        96      1024    0.2735     0.199   0.09943   0.03919   0.05641   0.01624   0.02762
   120/199     17.6G   0.05814    0.0226   0.02798    0.1087        72      1024    0.1946    0.2047   0.09873   0.03885   0.05646   0.01633   0.02763
   121/199     17.6G   0.05808   0.02199   0.02772    0.1078        39      1024    0.2697    0.2024   0.09858   0.03874    0.0565   0.01638   0.02764
   122/199     17.6G   0.05796   0.02207   0.02768    0.1077        72      1024    0.2691    0.1981     0.098   0.03854   0.05651   0.01643   0.02764
   123/199     17.6G   0.05799   0.02252    0.0277    0.1082         9      1024    0.1882    0.2061   0.09716   0.03817   0.05654   0.01649   0.02764
   124/199     17.6G   0.05779    0.0221   0.02761    0.1075        27      1024    0.2649    0.2043   0.09743    0.0382   0.05656   0.01655   0.02764
   124/199     17.7G   0.05803    0.0225   0.02751     0.108        61      1024    0.2645    0.2036   0.09713   0.03813   0.05656   0.01657   0.02765
   125/199     17.6G    0.0578    0.0227   0.02761    0.1081        64      1024    0.2684    0.2026   0.09678   0.03792    0.0566    0.0166   0.02765
   125/199     17.9G    0.0578   0.02236   0.02757    0.1077        42      1024    0.2659    0.2001   0.09641   0.03786    0.0566   0.01663   0.02766
   126/199     17.6G   0.05787   0.02245   0.02737    0.1077        97      1024    0.2633     0.197   0.09619   0.03787   0.05662   0.01667   0.02766
   126/199     17.9G   0.05803   0.02235   0.02761     0.108        63      1024    0.2666       0.2   0.09703   0.03803   0.05661   0.01664   0.02766
   127/199     17.6G    0.0578   0.02232   0.02786     0.108        68      1024    0.2583    0.2066   0.09602   0.03779   0.05665   0.01675   0.02767
   127/199     17.9G   0.05728   0.02218   0.02765    0.1071        42      1024    0.2628    0.1975   0.09682   0.03799   0.05663   0.01668   0.02766
   128/199     17.6G   0.05763   0.02248   0.02775    0.1079        41      1024    0.2861    0.1729   0.09588   0.03777   0.05668    0.0168   0.02768
   128/199     17.9G   0.05771    0.0216   0.02789    0.1072        91      1024    0.2833     0.174   0.09603   0.03779   0.05666   0.01674   0.02766
   129/199     17.6G    0.0577   0.02207   0.02793    0.1077        47      1024    0.2746    0.1778     0.095   0.03746   0.05674   0.01688    0.0277
   129/199     17.9G    0.0574   0.02207   0.02791    0.1074        29      1024    0.3099    0.1518   0.09488   0.03746   0.05673   0.01686   0.02769
   130/199     17.6G   0.05786    0.0224   0.02791    0.1082        75      1024    0.2957    0.1653   0.09394   0.03723    0.0568   0.01698   0.02772
   130/199     17.9G   0.05796   0.02169   0.02765    0.1073        93      1024    0.3111    0.1498   0.09446   0.03741   0.05675   0.01692   0.02769
   131/199     17.6G   0.05761   0.02186    0.0276    0.1071        60      1024    0.2904    0.1408   0.09325   0.03694   0.05685   0.01706   0.02774
   131/199     17.9G   0.05743   0.02185    0.0275    0.1068        95      1024     0.262     0.196   0.09488   0.03758   0.05675   0.01697   0.02768
   132/199     17.6G   0.05802   0.02235   0.02796    0.1083        55      1024    0.3651    0.1386   0.09295   0.03687   0.05691   0.01714   0.02776
   132/199     17.9G   0.05791   0.02208   0.02784    0.1078        67      1024    0.2716    0.1817   0.09482   0.03743   0.05678   0.01704   0.02769
   133/199     17.6G   0.05765   0.02172   0.02785    0.1072        33      1024    0.3659    0.1375   0.09282   0.03687   0.05692   0.01717   0.02777
   133/199     17.9G   0.05755   0.02204   0.02785    0.1074        61      1024    0.3655    0.1406   0.09518   0.03748   0.05677   0.01709   0.02769
   134/199     17.6G   0.05671   0.02239   0.02724    0.1063        64      1024    0.2803    0.1435   0.09275   0.03687   0.05693   0.01724   0.02778
   134/199     17.9G   0.05764   0.02186   0.02759    0.1071        64      1024    0.3603    0.1428   0.09415   0.03733   0.05681   0.01717   0.02771
   135/199     17.6G   0.05735   0.02216   0.02728    0.1068        78      1024    0.3635    0.1375    0.0925   0.03664   0.05696   0.01731   0.02779
   135/199     17.9G    0.0578   0.02219   0.02784    0.1078        86      1024    0.3619    0.1412   0.09421   0.03731   0.05682   0.01722   0.02772
   136/199     17.9G   0.05694   0.02217   0.02746    0.1066        43      1024    0.3558    0.1436   0.09385    0.0371   0.05684   0.01728   0.02772
   137/199     17.9G   0.05728   0.02201     0.027    0.1063        38      1024    0.3586     0.141   0.09331   0.03704   0.05687   0.01735   0.02773
   138/199     17.9G   0.05731   0.02221   0.02733    0.1069        59      1024    0.2753    0.1766   0.09234   0.03681   0.05691   0.01743   0.02775
   139/199     17.9G   0.05726   0.02205    0.0274    0.1067        82      1024    0.3416    0.1475    0.0921   0.03672   0.05695   0.01749   0.02776
   140/199     17.9G   0.05662   0.02209   0.02695    0.1057        60      1024    0.2661    0.1833   0.09206   0.03665   0.05699   0.01755   0.02777
   141/199     17.9G   0.05723   0.02262   0.02757    0.1074        67      1024    0.3476    0.1427   0.09147   0.03649   0.05702   0.01764   0.02779
   142/199     17.9G   0.05684   0.02201   0.02678    0.1056        29      1024    0.3521    0.1409   0.09112   0.03644   0.05709   0.01773   0.02781
   143/199     17.9G   0.05693   0.02197   0.02733    0.1062        58      1024    0.3412    0.1458   0.09092   0.03618   0.05711   0.01778   0.02782
   144/199     17.9G    0.0569   0.02228   0.02775    0.1069        48      1024    0.3438    0.1452   0.09077   0.03625   0.05714   0.01784   0.02783
   145/199     17.9G   0.05691   0.02188   0.02725     0.106        77      1024    0.3467    0.1424   0.09034   0.03611   0.05717   0.01791   0.02784
   146/199     17.9G   0.05677   0.02197   0.02722     0.106        44      1024    0.2673     0.148   0.08991   0.03597   0.05722   0.01799   0.02787
   147/199     17.9G   0.05699   0.02164   0.02687    0.1055        47      1024    0.2698    0.1467   0.08957   0.03588   0.05725   0.01805   0.02788
   148/199     17.9G   0.05686   0.02209   0.02677    0.1057        51      1024    0.2602    0.1517   0.08897   0.03575   0.05729   0.01814    0.0279
   149/199     17.9G   0.05711   0.02192   0.02756    0.1066        73      1024    0.2636    0.1506   0.08897   0.03586   0.05732    0.0182   0.02792
   150/199     17.9G   0.05678   0.02207   0.02674    0.1056        65      1024     0.265    0.1481   0.08928   0.03581   0.05732   0.01827   0.02793
   151/199     17.9G   0.05702   0.02224   0.02748    0.1068        44      1024    0.2739    0.1378   0.08842   0.03567   0.05737   0.01835   0.02795
   152/199     17.9G   0.05675   0.02202   0.02739    0.1062        49      1024    0.2565    0.1518   0.08788   0.03547   0.05743   0.01846   0.02797
   153/199     17.9G   0.05665   0.02219   0.02718     0.106        82      1024    0.2673    0.1379    0.0872   0.03528   0.05752   0.01859   0.02801
   154/199     17.9G   0.05711   0.02151   0.02737     0.106        39      1024      0.27    0.1365   0.08707   0.03526   0.05755   0.01867   0.02802
   155/199     17.9G   0.05603    0.0217   0.02644    0.1042        50      1024    0.2736    0.1336   0.08708   0.03522    0.0576    0.0188   0.02805
   156/199     17.9G   0.05649   0.02163   0.02675    0.1049        64      1024    0.2651    0.1411   0.08721   0.03519   0.05765    0.0189   0.02808
   157/199     17.9G   0.05642   0.02177   0.02679     0.105        92      1024    0.2671    0.1395   0.08686    0.0351    0.0577   0.01894   0.02809
   158/199     17.9G   0.05666   0.02175   0.02734    0.1057        44      1024    0.2686    0.1372   0.08667   0.03511   0.05775   0.01906   0.02812
   159/199     17.9G   0.05615   0.02186   0.02669    0.1047        50      1024    0.2563    0.1475   0.08721    0.0353   0.05778   0.01909   0.02812
   160/199     17.9G   0.05635   0.02177   0.02697    0.1051        66      1024    0.2589    0.1462   0.08721   0.03516   0.05778   0.01916   0.02813
   161/199     17.9G   0.05609   0.02195   0.02685    0.1049        40      1024    0.2473    0.1588   0.08752   0.03529    0.0578   0.01919   0.02813
   162/199     17.9G   0.05617   0.02189   0.02643    0.1045        86      1024    0.2482    0.1565   0.08724   0.03514   0.05785   0.01927   0.02815
   163/199     17.9G   0.05615   0.02201   0.02671    0.1049        48      1024    0.2493    0.1557   0.08727   0.03528    0.0579   0.01933   0.02817
   164/199     17.9G   0.05633   0.02118   0.02653     0.104        55      1024    0.2513    0.1524   0.08701   0.03502   0.05788   0.01942   0.02817
   165/199     17.9G   0.05611   0.02199   0.02716    0.1053        45      1024    0.2528    0.1512   0.08714   0.03512   0.05793   0.01949   0.02819
   166/199     17.9G   0.05608   0.02189   0.02703     0.105        63      1024    0.2694    0.1353   0.08676   0.03519   0.05795   0.01957    0.0282
   167/199     17.9G     0.056   0.02136   0.02634    0.1037        21      1024    0.2572    0.1464   0.08653   0.03517   0.05797   0.01967   0.02821
   168/199     17.9G   0.05594   0.02146   0.02685    0.1043        78      1024    0.2601    0.1446   0.08652   0.03522   0.05798   0.01976   0.02822
   169/199     17.9G   0.05607   0.02146   0.02697    0.1045        64      1024    0.2607    0.1437   0.08687   0.03521   0.05798    0.0198   0.02822
   170/199     17.9G   0.05605    0.0216   0.02674    0.1044        42      1024     0.263    0.1419   0.08635   0.03513   0.05804    0.0199   0.02824
   171/199     17.9G    0.0559   0.02152   0.02635    0.1038        76      1024    0.2656      0.14   0.08613   0.03506   0.05805   0.01998   0.02825
   172/199     17.9G   0.05585   0.02135   0.02673    0.1039        44      1024    0.2681    0.1376   0.08561   0.03502    0.0581   0.02007   0.02827
   173/199     17.9G   0.05589   0.02157   0.02666    0.1041        52      1024    0.2498    0.1533   0.08578    0.0351   0.05813   0.02015   0.02828
   174/199     17.9G   0.05607   0.02147   0.02675    0.1043        37      1024    0.2514    0.1523   0.08557   0.03501   0.05815    0.0202   0.02829
   175/199     17.9G   0.05599   0.02158   0.02621    0.1038        30      1024    0.2529    0.1512   0.08577   0.03507   0.05815   0.02024   0.02828
   176/199     17.9G   0.05601   0.02125    0.0268    0.1041        96      1024    0.2538    0.1495   0.08581   0.03516   0.05817   0.02028   0.02829
   177/199     17.9G   0.05587   0.02169   0.02661    0.1042        72      1024    0.2562    0.1485    0.0857   0.03508   0.05821   0.02035    0.0283
   178/199     17.9G   0.05587    0.0212   0.02654    0.1036        39      1024    0.2566    0.1464   0.08535    0.0351   0.05821   0.02042   0.02831
   179/199     17.9G   0.05568   0.02111   0.02636    0.1032        72      1024    0.1869    0.1449    0.0851   0.03526   0.05827   0.02048   0.02832
   180/199     17.9G   0.05578    0.0216   0.02632    0.1037         9      1024    0.1889    0.1441    0.0852   0.03515   0.05828   0.02052   0.02832
   181/199     17.9G   0.05563   0.02127   0.02624    0.1031        27      1024    0.1903    0.1425   0.08488    0.0351   0.05829   0.02059   0.02832
   182/199     17.9G   0.05573   0.02184    0.0264     0.104        64      1024    0.1923    0.1401   0.08455   0.03498   0.05834   0.02069   0.02834
   183/199     17.9G   0.05563   0.02165   0.02617    0.1034        97      1024    0.1929    0.1385   0.08467   0.03505   0.05834   0.02075   0.02834
   184/199     17.9G   0.05574    0.0215   0.02662    0.1039        68      1024    0.1935    0.1383    0.0849   0.03509   0.05836   0.02078   0.02834
   185/199     17.9G   0.05549   0.02161   0.02652    0.1036        41      1024    0.1933     0.137   0.08465   0.03513   0.05841   0.02087   0.02836
   186/199     17.9G   0.05552   0.02119    0.0267    0.1034        47      1024    0.1952     0.135    0.0843   0.03499   0.05841   0.02095   0.02837
   187/199     17.9G   0.05581   0.02166   0.02663    0.1041        75      1024    0.1971    0.1329   0.08385   0.03477   0.05848   0.02106    0.0284
   188/199     17.9G   0.05572   0.02117   0.02653    0.1034        60      1024    0.2001    0.1328   0.08396   0.03483   0.05847    0.0211   0.02839
   189/199     17.9G     0.056   0.02162   0.02686    0.1045        55      1024    0.2016    0.1304   0.08367   0.03474   0.05848   0.02115   0.02839
   190/199     17.9G   0.05564   0.02101   0.02664    0.1033        33      1024    0.1781    0.1521   0.08303    0.0346   0.05855   0.02129   0.02843
   191/199     19.5G   0.05557    0.0216   0.02607    0.1032        61      1024    0.1806     0.151   0.08264   0.03439   0.05857   0.02136   0.02844
   192/199     19.3G   0.05551   0.02148   0.02608    0.1031        42      1024    0.1786     0.149    0.0825   0.03425    0.0586   0.02142   0.02845
   193/199     19.3G   0.05575   0.02138   0.02631    0.1034        63      1024    0.2058    0.1248   0.08301   0.03443   0.05862   0.02142   0.02845
   194/199     19.3G    0.0552    0.0214   0.02628    0.1029        42      1024    0.1798    0.1475   0.08262    0.0343   0.05861   0.02145   0.02844
   195/199     19.3G   0.05534   0.02073   0.02651    0.1026        91      1024    0.1817    0.1463   0.08216   0.03423    0.0586   0.02154   0.02843
   196/199     19.3G   0.05535   0.02127   0.02661    0.1032        29      1024    0.1827    0.1452   0.08209   0.03418   0.05857   0.02158   0.02843
   197/199     19.3G   0.05587   0.02083    0.0264    0.1031        93      1024    0.1854    0.1434   0.08135   0.03404   0.05859   0.02167   0.02844
   198/199     19.3G   0.05533   0.02105   0.02633    0.1027        95      1024    0.1852    0.1431   0.08105   0.03399   0.05857   0.02166   0.02842
   199/199     19.3G   0.05581   0.02125   0.02664    0.1037        67      1024    0.1858     0.141    0.0804    0.0338   0.05859   0.02171   0.02843
