     0/199     28.1G   0.07584   0.03506    0.0386    0.1495        88      1024    0.8816   0.02032   0.01403  0.004857   0.08176   0.02079   0.07007
     1/199     29.3G   0.06729   0.03102   0.03095    0.1293        72      1024    0.6327   0.05258   0.03618  0.008738   0.08648   0.02253   0.07314
     2/199     29.3G   0.06512   0.03081   0.03036    0.1263       104      1024     0.572   0.08858    0.0545   0.01872   0.07832   0.01789   0.04413
     3/199     29.3G   0.06482   0.03052   0.03067     0.126       108      1024    0.5525   0.09715   0.06775   0.01545   0.07717   0.01839   0.04113
     4/199     29.3G   0.06313   0.02968   0.02972    0.1225       106      1024    0.4694   0.02739   0.00694  0.001846   0.08461   0.01915   0.05446
     5/199     29.3G   0.06232    0.0292   0.02926    0.1208        93      1024     0.479   0.05276   0.01119  0.001347   0.08672   0.02099   0.06412
     6/199     29.3G   0.06146   0.02853   0.02921    0.1192        73      1024    0.2147     0.144   0.03862  0.008826    0.0723   0.01881   0.04264
     7/199     29.3G   0.06181     0.029   0.02934    0.1201        96      1024    0.4107    0.1347   0.08993   0.04075   0.07021   0.01765   0.03584
     8/199     29.3G   0.06152   0.02906   0.02936    0.1199        90      1024    0.7367   0.06313   0.04508    0.0176   0.08201   0.02033   0.05971
     9/199     29.3G   0.06145   0.02895   0.02882    0.1192       100      1024    0.1464   0.01219  0.001678 0.0005299   0.08749   0.01937   0.06052
    10/199     29.3G   0.06159   0.02869   0.02908    0.1194        77      1024    0.5802   0.08034   0.06844   0.01488   0.07299   0.02103   0.04119
    11/199     29.3G   0.06104   0.02907   0.02868    0.1188       110      1024    0.5136   0.06642   0.05121   0.02101   0.08841   0.02298     0.076
    12/199     29.3G   0.06109    0.0294   0.02888    0.1194       112      1024    0.1592    0.1118    0.0763   0.04848   0.07457   0.02092   0.04008
    13/199     29.3G   0.06146   0.02878    0.0288     0.119        96      1024    0.5879   0.06752   0.04905   0.02092    0.0848   0.02108   0.05568
    14/199     29.3G   0.06133   0.02898   0.02889    0.1192        71      1024    0.1618    0.1368   0.07691   0.03379   0.07026   0.02036    0.0371
    15/199     29.3G   0.06099   0.02946   0.02919    0.1196        78      1024    0.4114   0.04053   0.01634  0.003462   0.08167   0.02019   0.05013
    16/199     29.3G   0.06101    0.0298   0.02894    0.1198       162      1024    0.5059    0.1052   0.07314   0.02664   0.07038   0.01917   0.03823
    17/199     29.3G   0.06162   0.02912    0.0295    0.1202       105      1024    0.7598   0.05101   0.02756   0.02318   0.08952   0.02815   0.06545
    18/199     29.3G   0.06119   0.02968   0.02916      0.12       134      1024     0.437   0.05931   0.04292   0.02158   0.08473    0.0235   0.06826
    19/199     29.3G    0.0609   0.03013   0.02893      0.12        77      1024    0.6298   0.08159     0.063   0.04059   0.07678   0.01939   0.04508
    20/199     29.3G   0.06093   0.02991   0.02879    0.1196       114      1024    0.8479   0.06487   0.05549   0.04433    0.0898   0.01825   0.06084
    21/199     29.3G   0.06085   0.02954   0.02916    0.1195        91      1024     0.913   0.06395   0.06731   0.04365   0.07513   0.02266   0.04778
    22/199     29.3G    0.0611   0.03007   0.02911    0.1203        67      1024    0.5803   0.06638   0.05805   0.04458   0.07986   0.02285   0.05488
    23/199     29.3G   0.06086   0.02999   0.02892    0.1198       116      1024    0.4145   0.09314   0.06581   0.04122   0.07301   0.02069   0.04612
    24/199     29.3G   0.06065   0.02972    0.0292    0.1196        97      1024    0.6467   0.06658   0.05355   0.04392   0.08532   0.02172   0.06796
    25/199     29.3G   0.06025   0.02935   0.02846    0.1181        83      1024    0.8685   0.06227   0.05544   0.02871   0.07483   0.02073   0.05324
    26/199     29.3G   0.06009   0.02928   0.02888    0.1183        92      1024    0.2847    0.1824    0.1122   0.06998   0.06408   0.01743   0.03241
    27/199     29.3G   0.06004   0.02964    0.0284    0.1181        93      1024    0.2879    0.1569    0.0985   0.06226   0.06401   0.01827   0.03333
    28/199     29.3G   0.05969    0.0289   0.02898    0.1176        83      1024    0.3867      0.12   0.08654   0.05837    0.0677   0.02216   0.03705
    29/199     29.3G   0.05952   0.02933    0.0282    0.1171        72      1024    0.3121    0.2328    0.1529   0.08315   0.06011    0.0171   0.02965
    30/199     29.3G   0.05894   0.02892   0.02818     0.116        92      1024    0.3047    0.1568   0.09447   0.06207   0.06506   0.02024   0.03317
    31/199     29.3G     0.059   0.02933   0.02804    0.1164       105      1024    0.3876    0.1859    0.1267   0.07568   0.06336   0.01743   0.03125
    32/199     29.3G   0.05868   0.02861   0.02757    0.1149        92      1024    0.3933    0.1761    0.1188   0.06915   0.06273   0.01759   0.03086
    33/199     29.3G   0.05858   0.02858   0.02781     0.115       118      1024    0.2852    0.1098    0.0744    0.0571   0.07656      0.02   0.03809
    34/199     29.3G   0.05822   0.02825   0.02742    0.1139       122      1024     0.153    0.1383   0.07896   0.05409   0.06929   0.02071   0.04073
    35/199     29.3G   0.05824   0.02817   0.02742    0.1138        78      1024     0.405    0.1417    0.1089   0.06763   0.06543   0.02014   0.03511
    36/199     29.3G   0.05801   0.02874    0.0274    0.1142       140      1024    0.4086     0.169    0.1196   0.06813   0.06196   0.01757    0.0309
    37/199     29.3G   0.05784   0.02779   0.02725    0.1129        88      1024    0.3407    0.2397    0.1637   0.08923   0.06022   0.01652   0.02939
    38/199     29.3G   0.05722   0.02781   0.02699     0.112        89      1024    0.3894    0.1996    0.1367   0.07815   0.06389   0.01764   0.03169
    39/199     29.3G   0.05749   0.02754   0.02706    0.1121       123      1024    0.3046     0.233    0.1447   0.08002   0.05988   0.01708    0.0296
    40/199     29.3G   0.05693   0.02778   0.02703    0.1117        65      1024     0.303    0.2684    0.1628    0.0871   0.05838   0.01631   0.02874
    41/199     29.3G   0.05753   0.02759   0.02705    0.1122       106      1024    0.3089    0.2171    0.1558    0.0858   0.06094   0.01672   0.03002
    42/199     29.3G   0.05722   0.02747   0.02748    0.1122        88      1024    0.3033    0.2513    0.1596   0.08826   0.05848   0.01665   0.02904
    43/199     29.3G   0.05689   0.02741   0.02647    0.1108        95      1024    0.2962    0.2776    0.1818    0.0966   0.05736   0.01596   0.02852
    44/199     29.3G   0.05719   0.02775   0.02752    0.1125        98      1024    0.2865    0.2454    0.1657   0.08998   0.05811   0.01688   0.02866
    45/199     29.3G   0.05707   0.02741   0.02706    0.1115        80      1024    0.4177    0.2391    0.1803   0.09475   0.05785   0.01602   0.02843
    46/199     29.3G   0.05684   0.02739   0.02682     0.111       119      1024    0.4004     0.242    0.1873   0.09881   0.05732   0.01569   0.02854
    47/199     29.3G   0.05724    0.0274   0.02711    0.1117        86      1024    0.3258    0.2107    0.1507   0.08438   0.05937   0.01718   0.02909
    48/199     29.3G   0.05644   0.02711   0.02668    0.1102        80      1024    0.3691    0.2557     0.183   0.09647   0.05736   0.01582   0.02834
    49/199     29.3G   0.05669   0.02743   0.02722    0.1113       132      1024    0.3684    0.2574    0.1879   0.09971   0.05723   0.01576   0.02818
    50/199     29.3G   0.05682   0.02743   0.02709    0.1113        94      1024    0.3469    0.2467    0.1795   0.09639    0.0576   0.01592   0.02821
    51/199     29.3G    0.0564   0.02694    0.0265    0.1098        71      1024     0.273    0.2888    0.1856    0.0978   0.05689   0.01578   0.02804
    52/199     29.3G    0.0564   0.02717   0.02655    0.1101        96      1024    0.3438    0.2646    0.1872   0.09922   0.05674   0.01582   0.02794
    53/199     29.3G   0.05614   0.02714   0.02645    0.1097       110      1024    0.2786    0.2457    0.1738   0.09474   0.05742   0.01595   0.02821
    54/199     29.3G    0.0564    0.0272   0.02638      0.11       137      1024    0.2808     0.261    0.1826   0.09745   0.05697   0.01584   0.02807
    55/199     29.3G     0.056   0.02728   0.02639    0.1097        83      1024     0.297    0.2566    0.1816    0.0967   0.05696   0.01581   0.02799
    56/199     29.3G   0.05584    0.0267   0.02647     0.109        84      1024    0.3885    0.2475    0.1851   0.09715   0.05674   0.01577   0.02804
    57/199     29.3G   0.05588   0.02689    0.0266    0.1094        95      1024    0.4048    0.2446    0.1896   0.09938   0.05661   0.01562   0.02789
    58/199     29.3G   0.05601   0.02685   0.02703    0.1099        67      1024    0.3166     0.267    0.1882    0.1001   0.05663   0.01562   0.02792
    59/199     29.3G   0.05601   0.02689   0.02669    0.1096        89      1024    0.3427    0.2512    0.1872    0.1003   0.05643   0.01572   0.02787
    60/199     29.3G    0.0559   0.02702   0.02656    0.1095        76      1024    0.3916    0.2658    0.1897    0.1019    0.0564   0.01559   0.02792
    61/199     29.3G   0.05592   0.02689   0.02627    0.1091       132      1024    0.4068    0.2391    0.1796   0.09872   0.05681   0.01576   0.02811
    62/199     29.3G   0.05627   0.02687   0.02669    0.1098       118      1024    0.3865    0.2664    0.1871    0.1007   0.05665   0.01567   0.02807
    63/199     29.3G    0.0557    0.0265    0.0263    0.1085        96      1024    0.3109    0.2659     0.186     0.101   0.05661   0.01563   0.02805
    64/199     29.3G   0.05575   0.02703   0.02654    0.1093       103      1024      0.27    0.2896    0.1885    0.1021   0.05638   0.01566   0.02802
    65/199     29.3G   0.05571   0.02692   0.02646    0.1091       110      1024    0.4032    0.2553    0.1881     0.102    0.0564   0.01558   0.02801
    66/199     29.3G   0.05537   0.02607   0.02593    0.1074        96      1024    0.4257    0.2482    0.1926    0.1033   0.05624   0.01558   0.02787
    67/199     29.3G    0.0552   0.02648   0.02623    0.1079       105      1024    0.3891    0.2677    0.1935    0.1039   0.05621   0.01552   0.02784
    68/199     29.3G   0.05529   0.02712     0.026    0.1084        72      1024    0.4264    0.2542     0.195     0.104   0.05618   0.01547   0.02781
    69/199     29.3G   0.05552   0.02689   0.02656     0.109        90      1024    0.3693    0.2678    0.1951    0.1043   0.05608   0.01545   0.02777
    70/199     29.3G   0.05544   0.02699   0.02664    0.1091        91      1024    0.3878    0.2629    0.1945     0.104   0.05603   0.01548   0.02775
    71/199     29.3G   0.05516   0.02653   0.02604    0.1077       100      1024     0.409    0.2589    0.1953    0.1049   0.05603   0.01544   0.02774
    72/199     29.3G   0.05522   0.02666   0.02654    0.1084        90      1024     0.279    0.2807    0.1924    0.1039     0.056   0.01552   0.02776
    73/199     29.3G   0.05505   0.02609   0.02583     0.107        78      1024    0.2816     0.279    0.1946    0.1049   0.05596   0.01545   0.02773
    74/199     29.3G    0.0551    0.0266   0.02625    0.1079       117      1024    0.4065     0.256    0.1932    0.1044   0.05602   0.01545   0.02777
    75/199     29.3G    0.0554    0.0263   0.02601    0.1077       110      1024    0.4024    0.2591    0.1928    0.1041   0.05601   0.01545   0.02777
    76/199     29.3G   0.05509    0.0264   0.02626    0.1078        85      1024    0.4042    0.2587    0.1934    0.1046     0.056   0.01542   0.02773
    77/199     29.3G    0.0552   0.02631   0.02633    0.1078        93      1024    0.3017    0.2643    0.1905    0.1036   0.05604   0.01548   0.02777
    78/199     29.3G   0.05442   0.02614   0.02575    0.1063        84      1024    0.3727    0.2661    0.1923    0.1039   0.05601   0.01545   0.02774
    79/199     24.6G    0.0551   0.02626   0.02594    0.1073        88      1024    0.3034    0.2681    0.1918    0.1035   0.05603   0.01546   0.02773
    80/199     30.2G   0.05434   0.02597   0.02581    0.1061        72      1024    0.4001    0.2618    0.1926     0.104   0.05602   0.01545   0.02773
    81/199     30.1G    0.0548   0.02658   0.02589    0.1073       104      1024    0.3058    0.2682    0.1919    0.1038   0.05602   0.01547   0.02773
    82/199     30.1G   0.05475    0.0261   0.02596    0.1068       108      1024     0.304    0.2708    0.1917    0.1039   0.05603   0.01546   0.02772
    83/199     30.1G   0.05478   0.02655   0.02602    0.1074       106      1024    0.2975    0.2807    0.1924    0.1041   0.05605   0.01545   0.02774
    84/199     30.1G   0.05444   0.02627   0.02595    0.1067        93      1024    0.2773     0.281    0.1918    0.1042    0.0561   0.01545   0.02775
    85/199     30.1G   0.05449   0.02571   0.02599    0.1062        73      1024    0.2891    0.2804    0.1928    0.1042   0.05613   0.01545   0.02774
    86/199     30.1G    0.0548   0.02622   0.02623    0.1073        96      1024    0.2909    0.2772    0.1919    0.1039   0.05617   0.01549   0.02777
    87/199     30.1G    0.0546   0.02606   0.02591    0.1066        90      1024    0.2855    0.2814    0.1928     0.104   0.05616   0.01547   0.02775
    88/199     30.1G   0.05459   0.02603   0.02578    0.1064       100      1024    0.2867    0.2807    0.1925    0.1037   0.05616   0.01548   0.02775
    89/199     30.1G   0.05454   0.02572   0.02574     0.106        77      1024    0.2861    0.2807    0.1925    0.1039   0.05618   0.01545   0.02776
    90/199     30.1G   0.05399   0.02609   0.02537    0.1054       110      1024    0.2903    0.2765     0.192    0.1038    0.0562   0.01544   0.02777
    91/199     30.1G   0.05427   0.02646   0.02563    0.1064       112      1024    0.2825    0.2816     0.191    0.1031   0.05622   0.01547   0.02777
    92/199     30.1G   0.05389   0.02539   0.02531    0.1046        96      1024    0.4148    0.2477    0.1907     0.103   0.05623   0.01549    0.0278
    93/199     30.1G   0.05463   0.02576   0.02565     0.106        71      1024    0.2955     0.266    0.1898    0.1023   0.05629   0.01551   0.02784
    94/199     30.1G   0.05395   0.02574   0.02571    0.1054        78      1024    0.2924     0.268    0.1895    0.1022   0.05628   0.01552   0.02783
    95/199     30.1G   0.05414     0.026   0.02544    0.1056       162      1024    0.3352    0.2537    0.1886    0.1018   0.05629   0.01554   0.02784
    96/199     30.1G    0.0545    0.0256   0.02596    0.1061       105      1024    0.2956    0.2614    0.1882    0.1015   0.05634   0.01555   0.02786
    97/199     30.1G   0.05397   0.02587   0.02568    0.1055       134      1024    0.2936    0.2634    0.1884    0.1016   0.05635   0.01555   0.02788
    98/199     30.1G   0.05376   0.02636   0.02559    0.1057        77      1024    0.2889    0.2657    0.1881    0.1013    0.0564   0.01557   0.02792
    99/199     30.1G   0.05375   0.02589   0.02529    0.1049       114      1024    0.3319    0.2565    0.1874    0.1009   0.05641   0.01559   0.02796
   100/199     30.1G    0.0542   0.02576   0.02567    0.1056        91      1024    0.3229    0.2602    0.1861    0.1002   0.05646   0.01563   0.02802
   101/199     30.1G   0.05409   0.02595   0.02546    0.1055        67      1024    0.3282    0.2564    0.1848   0.09946   0.05651   0.01568   0.02808
   102/199     30.1G   0.05386   0.02592   0.02549    0.1053       116      1024    0.3216    0.2609    0.1856   0.09997   0.05646   0.01568   0.02807
   103/199     30.1G   0.05404   0.02576   0.02571    0.1055        97      1024    0.3234    0.2588    0.1857   0.09977   0.05649   0.01571    0.0281
   104/199     30.1G   0.05385   0.02561   0.02534    0.1048        83      1024    0.3284    0.2503    0.1834   0.09893   0.05655   0.01578   0.02815
   105/199     30.1G   0.05358   0.02525    0.0255    0.1043        92      1024    0.3251    0.2514    0.1825   0.09854   0.05658   0.01582   0.02818
   106/199     30.1G   0.05392   0.02579   0.02524    0.1049        93      1024     0.321     0.253    0.1823    0.0983   0.05658   0.01585   0.02818
   107/199     30.1G   0.05376   0.02543   0.02588    0.1051        83      1024    0.3205    0.2493     0.181    0.0977   0.05658    0.0159   0.02821
   108/199     30.1G   0.05363   0.02576   0.02526    0.1046        72      1024    0.3188    0.2484    0.1789   0.09696   0.05668   0.01599   0.02826
   109/199     30.1G   0.05342   0.02544   0.02554    0.1044        92      1024    0.3189    0.2477    0.1784   0.09652   0.05666     0.016   0.02827
   110/199     30.1G   0.05367   0.02601    0.0252    0.1049       105      1024    0.3082    0.2563    0.1778   0.09611    0.0567   0.01604   0.02829
   111/199     30.1G   0.05347   0.02544   0.02501    0.1039        92      1024    0.3135    0.2492    0.1771    0.0956   0.05676   0.01611   0.02832
   112/199     30.1G   0.05354    0.0253   0.02507    0.1039       118      1024    0.3105    0.2548    0.1784     0.096   0.05671   0.01607   0.02829
   113/199     30.1G   0.05314   0.02525   0.02485    0.1032       122      1024    0.2401    0.2659    0.1778   0.09571   0.05675   0.01613   0.02832
   114/199     30.1G   0.05361   0.02518   0.02517     0.104        78      1024    0.3185    0.2455    0.1768   0.09526   0.05678    0.0162   0.02835
   115/199     30.1G   0.05318   0.02573   0.02492    0.1038       140      1024    0.3126    0.2457    0.1745   0.09446   0.05686   0.01628   0.02839
   116/199     30.1G   0.05323   0.02497   0.02489    0.1031        88      1024    0.3165    0.2452    0.1747   0.09442   0.05687   0.01631    0.0284
   117/199     30.1G   0.05301   0.02514   0.02482     0.103        89      1024    0.3115    0.2463    0.1738   0.09406   0.05692   0.01636   0.02843
   118/199     30.1G   0.05302   0.02486   0.02461    0.1025       123      1024    0.3139     0.246    0.1741   0.09398   0.05692   0.01639   0.02843
   119/199     30.1G   0.05276   0.02518   0.02484    0.1028        65      1024    0.3182    0.2415    0.1744   0.09426    0.0569   0.01638    0.0284
   120/199     30.1G   0.05274   0.02485    0.0246    0.1022       106      1024      0.32    0.2435    0.1756    0.0945   0.05688   0.01635   0.02837
   121/199     30.1G   0.05284   0.02492   0.02532    0.1031        88      1024    0.2299     0.264    0.1745    0.0941   0.05692   0.01642   0.02839
   122/199     30.1G   0.05272   0.02502   0.02438    0.1021        95      1024    0.2312    0.2622    0.1738   0.09374   0.05696   0.01647   0.02841
   123/199     30.1G   0.05302   0.02514   0.02528    0.1034        98      1024    0.2265    0.2623    0.1721   0.09298   0.05705   0.01657   0.02845
   124/199     30.1G   0.05264   0.02498   0.02495    0.1026        80      1024     0.235    0.2493    0.1718   0.09291   0.05705   0.01658   0.02845
   125/199     30.1G   0.05273   0.02497   0.02484    0.1025       119      1024    0.2389    0.2484    0.1714   0.09274   0.05708   0.01662   0.02848
   126/199     30.1G   0.05304   0.02484   0.02485    0.1027        86      1024    0.3164    0.2331    0.1714   0.09283    0.0571   0.01665   0.02848
   127/199     30.1G   0.05236   0.02478   0.02469    0.1018        80      1024    0.2337    0.2483    0.1702   0.09237   0.05718   0.01672   0.02852
   128/199     30.1G   0.05255   0.02501   0.02506    0.1026       132      1024    0.2375    0.2405    0.1695   0.09209   0.05724   0.01679   0.02856
   129/199     30.1G   0.05291    0.0251   0.02494    0.1029        94      1024    0.2343    0.2461    0.1699   0.09228   0.05722   0.01676   0.02854
   130/199     30.1G   0.05255   0.02467   0.02451    0.1017        71      1024     0.239    0.2412    0.1703   0.09251   0.05722   0.01677   0.02854
   131/199     30.1G   0.05229   0.02485   0.02459    0.1017        96      1024    0.2321     0.248    0.1697    0.0921   0.05728   0.01683   0.02858
   132/199     30.1G   0.05214   0.02487   0.02447    0.1015       110      1024    0.2334    0.2442    0.1686   0.09172   0.05735   0.01692   0.02861
   133/199     30.1G   0.05226   0.02493   0.02435    0.1015       137      1024    0.2339    0.2428     0.168   0.09145   0.05741   0.01697   0.02864
   134/199     30.1G   0.05192   0.02486    0.0243    0.1011        83      1024    0.2375    0.2416    0.1679   0.09147   0.05743     0.017   0.02865
   135/199     30.1G   0.05198   0.02442   0.02454    0.1009        84      1024     0.232    0.2387    0.1668   0.09098   0.05749   0.01707   0.02869
   136/199     30.1G   0.05209   0.02456    0.0245    0.1012        95      1024    0.2386    0.2394    0.1674   0.09136   0.05745   0.01706   0.02867
   137/199     30.1G   0.05199   0.02459   0.02498    0.1016        67      1024    0.2344    0.2366    0.1671   0.09121   0.05749   0.01709   0.02868
   138/199     30.1G    0.0521   0.02445   0.02454    0.1011        89      1024    0.2334     0.241    0.1671   0.09126   0.05746    0.0171   0.02868
   139/199     30.1G   0.05211   0.02478   0.02447    0.1014        76      1024    0.3864    0.2181    0.1667   0.09131   0.05748   0.01712   0.02869
   140/199     30.1G   0.05207   0.02469   0.02423     0.101       132      1024    0.2369      0.24    0.1668   0.09148   0.05751   0.01714    0.0287
   141/199     30.1G   0.05246   0.02457   0.02473    0.1018       118      1024    0.2375    0.2397    0.1672   0.09171   0.05751   0.01713   0.02869
   142/199     30.1G   0.05212   0.02431   0.02427    0.1007        96      1024    0.3174    0.2286    0.1669   0.09169   0.05752   0.01714   0.02869
   143/199     30.1G   0.05181   0.02472   0.02452     0.101       103      1024     0.241    0.2389    0.1677   0.09193    0.0575   0.01713   0.02867
   144/199     30.1G   0.05204   0.02475   0.02459    0.1014       110      1024    0.2369    0.2434    0.1678   0.09219   0.05751   0.01714   0.02867
   145/199     30.1G   0.05133   0.02397   0.02385   0.09915        96      1024    0.2364    0.2415    0.1674   0.09196   0.05753   0.01718   0.02869
   146/199     30.1G   0.05161   0.02435   0.02443    0.1004       105      1024    0.2399    0.2331    0.1656   0.09139    0.0576   0.01728   0.02873
   147/199     30.1G   0.05165    0.0249   0.02403    0.1006        72      1024    0.2343     0.244    0.1652    0.0913   0.05764   0.01731   0.02875
   148/199     30.1G   0.05177   0.02469   0.02447    0.1009        90      1024    0.2379     0.237    0.1658   0.09158   0.05761    0.0173   0.02875
   149/199     30.1G   0.05166   0.02476   0.02465    0.1011        91      1024    0.2353    0.2416    0.1655   0.09171   0.05763   0.01734   0.02877
   150/199     30.1G    0.0514   0.02431   0.02398   0.09969       100      1024    0.3145    0.2224    0.1654   0.09194   0.05764   0.01738   0.02877
   151/199     30.1G   0.05169   0.02452   0.02461    0.1008        90      1024    0.2367    0.2396     0.166   0.09222   0.05759   0.01737   0.02875
   152/199     30.1G   0.05127   0.02404   0.02385   0.09915        78      1024    0.2344    0.2462    0.1663   0.09252   0.05756   0.01737   0.02872
   153/199     30.1G   0.05149   0.02445   0.02437    0.1003       117      1024    0.2362    0.2444    0.1655   0.09269   0.05754   0.01739   0.02871
   154/199     30.1G   0.05159   0.02413   0.02393   0.09965       110      1024    0.2367    0.2443    0.1658   0.09275    0.0575   0.01737   0.02869
   155/199     30.1G    0.0513   0.02427   0.02424   0.09981        85      1024    0.2383    0.2438     0.166   0.09292   0.05751   0.01741    0.0287
   156/199     30.1G   0.05162   0.02427   0.02449    0.1004        93      1024    0.2588     0.244    0.1667   0.09338   0.05751   0.01742   0.02869
   157/199     30.1G   0.05091   0.02396   0.02396   0.09883        84      1024    0.2605    0.2431    0.1671   0.09358   0.05749    0.0174   0.02867
   158/199     30.1G   0.05115   0.02383   0.02398   0.09897        66      1024    0.2604    0.2428    0.1672   0.09373   0.05749   0.01742   0.02866
   159/199     30.1G   0.05154   0.02437   0.02406   0.09998        92      1024     0.257     0.241     0.166   0.09349   0.05753   0.01747   0.02869
   160/199     30.1G   0.05107   0.02398   0.02373   0.09878        80      1024    0.2636    0.2419    0.1677   0.09401   0.05749   0.01744   0.02866
   161/199     30.1G   0.05157   0.02441    0.0246    0.1006        87      1024    0.2649    0.2418    0.1676   0.09407   0.05747   0.01742   0.02866
   162/199     30.1G   0.05063   0.02427   0.02334   0.09825        70      1024    0.2672     0.241    0.1679   0.09439   0.05747   0.01744   0.02867
   163/199     30.1G   0.05131    0.0244   0.02437    0.1001        81      1024    0.2701    0.2403    0.1677   0.09425   0.05751   0.01746   0.02869
   164/199     30.1G   0.05103   0.02398   0.02396   0.09898        85      1024    0.2728    0.2406    0.1682   0.09455   0.05749   0.01743   0.02867
   165/199     30.1G   0.05097   0.02415   0.02394   0.09906       101      1024    0.2775    0.2478    0.1683   0.09476   0.05747   0.01743   0.02866
   166/199     27.3G   0.05098   0.02401    0.0239   0.09889        88      1024    0.2816    0.2475    0.1687   0.09481   0.05748   0.01745   0.02865
   167/199       30G    0.0504   0.02377   0.02366   0.09783        72      1024    0.2803    0.2414    0.1699   0.09538   0.05744   0.01741   0.02862
   168/199       30G   0.05096   0.02432   0.02392   0.09919       104      1024    0.2817     0.241    0.1712   0.09593    0.0574   0.01736   0.02859
   169/199       30G   0.05085   0.02379   0.02381   0.09846       108      1024    0.2873    0.2499    0.1724   0.09649   0.05737   0.01733   0.02856
   170/199       30G   0.05067   0.02413   0.02384   0.09865       106      1024    0.2906    0.2486    0.1718   0.09625    0.0574   0.01735   0.02857
   171/199       30G   0.05049   0.02408   0.02371   0.09827        93      1024    0.2923    0.2424    0.1732   0.09679   0.05734   0.01732   0.02855
   172/199       30G   0.05068   0.02336   0.02379   0.09782        73      1024     0.294    0.2416    0.1734   0.09691   0.05735   0.01734   0.02856
   173/199       30G   0.05072     0.024   0.02409   0.09881        96      1024    0.2963    0.2423    0.1751   0.09749    0.0573   0.01731   0.02853
   174/199       30G   0.05056   0.02378   0.02376    0.0981        90      1024    0.2936    0.2507    0.1766   0.09792   0.05727   0.01729    0.0285
   175/199       30G   0.05064   0.02368   0.02368     0.098       100      1024    0.2949    0.2505    0.1768   0.09816   0.05726    0.0173   0.02847
   176/199       30G   0.05054   0.02349   0.02342   0.09745        77      1024    0.2996    0.2511    0.1772     0.098   0.05726   0.01729   0.02847
   177/199       30G   0.05016   0.02385   0.02331   0.09732       110      1024    0.2982    0.2494    0.1776   0.09834   0.05725   0.01733   0.02846
   178/199       30G   0.05038   0.02406   0.02363   0.09806       112      1024    0.3013    0.2523    0.1792   0.09889   0.05719   0.01729   0.02841
   179/199       30G   0.05012   0.02317   0.02321    0.0965        96      1024    0.3011    0.2493    0.1787   0.09869   0.05722   0.01735   0.02843
   180/199       30G   0.05062   0.02358   0.02349   0.09769        71      1024    0.3021    0.2501    0.1793   0.09892   0.05719   0.01731    0.0284
   181/199       30G    0.0502   0.02363   0.02371   0.09754        78      1024    0.3035    0.2515      0.18   0.09919   0.05715   0.01727   0.02837
   182/199       30G   0.05027   0.02373    0.0234    0.0974       162      1024    0.3027    0.2517    0.1807   0.09978   0.05712   0.01726   0.02837
   183/199       30G   0.05056   0.02326   0.02375   0.09757       105      1024    0.3031    0.2525    0.1815    0.0999    0.0571   0.01725   0.02834
   184/199       30G   0.05033   0.02373   0.02362   0.09767       134      1024     0.305    0.2511    0.1812   0.09978   0.05712   0.01729   0.02835
   185/199       30G   0.05019    0.0241   0.02346   0.09775        77      1024    0.3072    0.2515    0.1826    0.1003   0.05709   0.01725   0.02831
   186/199       30G   0.05008   0.02371   0.02341    0.0972       114      1024     0.314    0.2428     0.183    0.1005   0.05706   0.01724   0.02829
   187/199       30G   0.05036   0.02358   0.02346    0.0974        91      1024    0.3084    0.2517    0.1835    0.1007   0.05707   0.01723   0.02829
   188/199       30G   0.05052   0.02386   0.02351   0.09789        67      1024    0.3157    0.2418    0.1836    0.1008   0.05704   0.01723   0.02828
   189/199       30G   0.05033    0.0238   0.02363   0.09775       116      1024    0.2991    0.2701    0.1835    0.1008   0.05703   0.01724   0.02829
   190/199       30G   0.05035   0.02367   0.02371   0.09773        97      1024     0.321    0.2423    0.1846     0.101     0.057   0.01719   0.02824
   191/199       30G   0.05007   0.02349   0.02334   0.09689        83      1024    0.3126      0.25     0.185     0.101   0.05701   0.01721   0.02823
   192/199       30G   0.05002   0.02311   0.02353   0.09666        92      1024    0.3143    0.2499     0.185     0.101     0.057   0.01718   0.02823
   193/199       30G   0.05025   0.02371   0.02333   0.09729        93      1024    0.3249    0.2424    0.1851    0.1011   0.05697   0.01717   0.02821
   194/199       30G   0.05036   0.02332   0.02395   0.09763        83      1024    0.3237    0.2426    0.1857    0.1013   0.05698   0.01717   0.02821
   195/199       30G   0.05022   0.02379   0.02337   0.09738        72      1024    0.3245    0.2419    0.1855    0.1014     0.057   0.01719   0.02822
   196/199       30G   0.04992   0.02347   0.02349   0.09689        92      1024    0.3079    0.2574    0.1849    0.1013   0.05703   0.01723   0.02825
   197/199       30G   0.05034    0.0239   0.02325   0.09748       105      1024    0.3099      0.26    0.1859    0.1018   0.05699   0.01718   0.02821
   198/199       30G   0.05025   0.02353   0.02313   0.09691        92      1024    0.3119     0.262    0.1867    0.1021   0.05694   0.01715   0.02818
   199/199       30G   0.05017   0.02349   0.02329   0.09695       118      1024    0.3109    0.2621     0.187    0.1024   0.05694   0.01714   0.02817
