      0/99     30.3G   0.07326   0.05766    0.0167    0.1476       157      1024    0.8004   0.09228   0.09088   0.02141   0.08272    0.0579   0.03487
      1/99       30G   0.06281   0.04997   0.00642    0.1192       213      1024   0.06741   0.05715   0.02088   0.00524   0.08473   0.04355   0.04966
      2/99       30G    0.0606   0.04817  0.005736    0.1145       150      1024    0.3233   0.04287  0.005052  0.001477   0.07989    0.2189   0.07576
      3/99       30G   0.05906    0.0478  0.005576    0.1124       203      1024    0.1991    0.2989    0.2049   0.06628   0.06595   0.03557  0.009619
      4/99       30G   0.05805   0.04699  0.005073    0.1101       161      1024    0.4357    0.1935    0.2279   0.08999   0.06254   0.04794   0.01157
      5/99       30G   0.05782   0.04614   0.00555    0.1095       192      1024    0.2073    0.2619    0.1276   0.04515   0.06415   0.04431   0.01145
      6/99       30G   0.05807   0.04696  0.005331    0.1104       190      1024    0.1254    0.1934   0.05922   0.01719   0.07643   0.04155   0.01911
      7/99       30G   0.06515   0.05519   0.01441    0.1347       187      1024         0         0         0         0       nan       nan       nan
      8/99       30G   0.07054   0.06189   0.01904    0.1515       159      1024         0         0         0         0   0.08413   0.04712   0.05645
      9/99       30G   0.06563   0.05643   0.01051    0.1326       157      1024   0.04664   0.06407  0.005502  0.001689   0.07786   0.08121   0.03631
     10/99       30G   0.06518   0.05482  0.008808    0.1288       166      1024    0.6167    0.1328    0.1227    0.0433   0.06642   0.04029   0.01115
     11/99       30G   0.06374   0.05609  0.008026    0.1279       178      1024    0.2057    0.3303    0.2044   0.07503   0.06246   0.04154  0.007122
     12/99       30G     0.062   0.05333  0.006949    0.1223       174      1024    0.1484    0.2847    0.1601   0.05572   0.06488   0.04156  0.006737
     13/99       30G   0.06034   0.05124  0.006496    0.1181       159      1024    0.2602    0.2709    0.2163   0.08491   0.06281   0.04348  0.009859
     14/99       30G   0.06027   0.05009  0.006516    0.1169       207      1024    0.1637    0.1973   0.09939   0.03055     0.068   0.04213  0.009962
     15/99       30G   0.05927   0.05014    0.0059    0.1153       176      1024    0.5593    0.1356    0.1518   0.05059   0.06818   0.04264  0.008645
     16/99       30G    0.0594   0.04935   0.00587    0.1146       147      1024     0.249    0.2972    0.1964   0.06759   0.06126   0.03535  0.005323
     17/99       30G   0.06295   0.05311  0.007195    0.1233       106      1024    0.4963    0.1322    0.1123    0.0361   0.06786   0.03831    0.0114
     18/99       30G   0.05918   0.05033  0.005724    0.1152       151      1024    0.5334    0.3064    0.2646    0.1005   0.06072   0.04458  0.006243
     19/99       30G   0.05817   0.04947  0.005506    0.1131       193      1024    0.2496    0.4092    0.2744    0.1162   0.05985   0.04137  0.006934
     20/99       30G   0.05717   0.04932  0.005539     0.112       207      1024    0.5705    0.2689     0.263    0.1041   0.05916   0.03464  0.006158
     21/99       30G   0.05719   0.04887  0.005457    0.1115       153      1024    0.4671    0.1543    0.1211   0.03882    0.0705   0.04535   0.01313
     22/99       30G   0.05617   0.04907   0.00514    0.1104       169      1024     0.312    0.2846    0.2158   0.08459   0.05901   0.03861  0.007592
     23/99       30G   0.05629   0.04832  0.005363      0.11       166      1024   0.05024   0.01279  0.001158  0.000216   0.08314   0.05665   0.04776
     24/99       30G   0.05624   0.04677   0.00513    0.1081       123      1024     0.192    0.2111    0.1109   0.04256   0.06975   0.04387   0.01215
     25/99       30G   0.05545   0.04842  0.005033    0.1089       219      1024    0.4486    0.1646    0.1538    0.0651    0.0618    0.0427   0.01109
     26/99       30G   0.05625   0.04634  0.004876    0.1075       167      1024    0.3993    0.1592    0.1379   0.05645   0.06284   0.04789     0.011
     27/99       30G   0.05562   0.04785  0.004729    0.1082       133      1024    0.3409    0.3761    0.3069    0.1256   0.05696   0.03132  0.004398
     28/99       30G   0.05523   0.04664  0.004927    0.1068       146      1024    0.2377    0.3775    0.2123    0.0787   0.06228   0.04447  0.009224
     29/99       30G   0.05473   0.04663  0.004808    0.1062       164      1024    0.1851    0.2575   0.09238   0.03548   0.06662   0.04332   0.02048
     30/99       30G   0.05484   0.04631  0.005018    0.1062       151      1024    0.2624    0.2978    0.1918   0.06918   0.06249   0.03778  0.007064
     31/99       30G   0.05447    0.0463  0.004934    0.1057       184      1024    0.1722    0.1593    0.1169   0.04406   0.06395   0.04696   0.01467
