     0/199     14.5G   0.07454    0.0311   0.03748    0.1431       136       512       0.9   0.03909   0.03632   0.01654     0.106   0.01919    0.2636
     1/199       18G   0.05998   0.02603   0.02565    0.1117       219       512    0.9631     0.035   0.03153   0.01178   0.09764   0.01545   0.06823
     2/199     21.4G   0.05855   0.02562   0.02544    0.1096       214       512    0.4422   0.05506   0.04403  0.005985   0.09658   0.01804   0.07693
     3/199     21.4G   0.06676   0.02884   0.03263    0.1282       175       512    0.7537   0.02116   0.01338   0.00475    0.1005   0.01982   0.06975
     4/199     21.4G   0.06967   0.03155   0.03221    0.1334       177       512    0.9141     0.088   0.07626   0.04353    0.0797   0.01469   0.04023
     5/199     21.4G   0.06417    0.0291   0.02875     0.122       183       512    0.7959   0.08104   0.06942   0.04184   0.07824   0.01472   0.04023
     6/199     21.4G   0.06187   0.02691   0.02737    0.1162       163       512     0.909   0.06275   0.04439   0.02029    0.0875   0.01856   0.07313
     7/199     21.4G   0.06016    0.0265   0.02694    0.1136       271       512    0.5049    0.1258   0.09438    0.0598   0.07352   0.01492   0.03898
     8/199     21.4G   0.05981   0.02601   0.02653    0.1124       219       512    0.7038    0.1223    0.1081   0.07597   0.07294   0.01506   0.03342
     9/199     21.4G   0.05899    0.0253     0.026    0.1103       223       512    0.5381   0.09389   0.06124   0.05133   0.08294   0.01741   0.04609
    10/199     21.4G    0.0584   0.02528   0.02583    0.1095       216       512    0.3648    0.1337   0.09973   0.06726   0.07224   0.01495   0.03626
    11/199     21.4G    0.0579   0.02498   0.02551    0.1084       167       512    0.9135   0.06673   0.05026   0.03927   0.08499   0.01761   0.05526
    12/199     21.4G   0.05809    0.0252    0.0257     0.109       176       512    0.2492   0.08429   0.05739   0.04625   0.08169   0.01847   0.05103
    13/199     21.4G   0.05788   0.02455   0.02535    0.1078       205       512    0.3418    0.1804    0.1114   0.07206    0.0716    0.0128   0.03254
    14/199     21.4G   0.05789   0.02465   0.02557    0.1081       146       512    0.2486     0.112    0.0327   0.01571   0.09067   0.02289   0.05422
    15/199     21.4G   0.05734   0.02474    0.0256    0.1077       200       512    0.4244    0.1458   0.09715   0.06016   0.07458   0.01476   0.03515
    16/199     21.4G   0.05749   0.02481    0.0255    0.1078       202       512    0.2194    0.1198   0.06119   0.04536   0.08358   0.01434   0.04569
    17/199     21.4G    0.0573    0.0247   0.02582    0.1078       195       512     0.321    0.1934    0.1218   0.06705   0.07086   0.01246    0.0329
    18/199     21.4G   0.05733   0.02491   0.02556    0.1078       184       512    0.3051    0.1291   0.09505   0.06243   0.07383    0.0148   0.04141
    19/199     21.4G   0.05709   0.02521    0.0255    0.1078       193       512    0.3548    0.1818    0.1197   0.06884   0.06959   0.01293   0.03352
    20/199     21.4G   0.05712   0.02523   0.02525    0.1076       225       512    0.9839    0.0617   0.06948   0.05097   0.07783   0.01826   0.04489
    21/199     21.4G   0.05711    0.0251   0.02569    0.1079       132       512    0.5631    0.1194   0.09678   0.06826   0.07045   0.01455   0.03257
    22/199     21.4G   0.05749    0.0252   0.02574    0.1084       214       512    0.4081   0.08792   0.06215   0.05504   0.08355   0.01726   0.05356
    23/199     21.4G   0.05712   0.02537   0.02549     0.108       194       512    0.7917   0.09988   0.09445   0.06888   0.07339   0.01574   0.03923
    24/199     21.4G   0.05665    0.0253   0.02584    0.1078       169       512    0.3413   0.09513   0.06702   0.04374   0.07838   0.01581    0.0415
    25/199     21.4G   0.05624   0.02481   0.02554    0.1066       143       512     0.315    0.1558    0.1046   0.07558   0.07091   0.01506   0.03544
    26/199     21.4G   0.05619   0.02478   0.02564    0.1066       128       512    0.3938    0.1611    0.1051   0.07465   0.06996   0.01407   0.03438
    27/199     21.4G   0.05653   0.02549   0.02542    0.1074       210       512    0.3242    0.1638    0.1039   0.06124   0.06601    0.0149    0.0333
    28/199     21.4G   0.05628   0.02494   0.02572    0.1069       174       512    0.3018    0.1694     0.122   0.08179   0.06832    0.0156   0.03373
    29/199     21.4G   0.05634   0.02523   0.02568    0.1073       219       512    0.3501    0.1889    0.1456   0.09115   0.06493   0.01406   0.03124
    30/199     21.4G    0.0556   0.02507    0.0252    0.1059       172       512    0.4394    0.1903    0.1383   0.08874   0.06608   0.01292   0.03022
    31/199     21.4G   0.05593   0.02529   0.02549    0.1067       157       512     0.236    0.2213    0.1409   0.08426   0.06666    0.0141   0.03092
    32/199     21.4G   0.05574   0.02478   0.02507    0.1056       220       512    0.3249    0.2254    0.1403   0.09138   0.06533   0.01325   0.03188
    33/199     21.4G   0.05541   0.02493   0.02502    0.1054       194       512    0.4142     0.155    0.1191     0.077   0.06594   0.01595   0.03209
    34/199     21.4G   0.05496   0.02478   0.02483    0.1046       192       512    0.3568    0.1263    0.0842   0.06201   0.07147   0.01669     0.037
    35/199     21.4G     0.055   0.02463   0.02499    0.1046       230       512    0.2349    0.2468    0.1479   0.08744   0.06505   0.01433   0.03001
    36/199     21.4G   0.05478   0.02478   0.02471    0.1043       236       512    0.3231    0.1869    0.1356   0.08396   0.06333   0.01659    0.0308
    37/199     21.4G   0.05493   0.02462   0.02475    0.1043       242       512    0.3519    0.1877    0.1473   0.09066   0.06447   0.01377   0.03025
    38/199     21.4G   0.05417   0.02442   0.02461    0.1032       194       512    0.4573    0.2043    0.1732    0.1055   0.06058   0.01409   0.02909
    39/199     21.4G   0.05394   0.02393   0.02405    0.1019       211       512    0.3929    0.1938    0.1534   0.09795   0.06146   0.01515   0.02932
    40/199     21.4G    0.0539   0.02428    0.0247    0.1029       197       512    0.4689     0.239    0.1767    0.1053   0.06056   0.01291   0.02923
    41/199     21.4G   0.05393   0.02397   0.02438    0.1023       209       512    0.4308    0.2457    0.1753    0.1041   0.06025    0.0133   0.02842
    42/199     21.4G   0.05372   0.02374   0.02445    0.1019       190       512    0.2805    0.2737    0.1862    0.1093   0.05922   0.01365   0.02851
    43/199     21.4G   0.05315   0.02373   0.02376    0.1006       157       512    0.3032    0.2663     0.189    0.1104      0.06   0.01326   0.02853
    44/199     21.4G   0.05358   0.02368   0.02448    0.1017       183       512    0.5068    0.2193    0.1925    0.1115   0.06032   0.01334   0.02867
    45/199     21.4G   0.05273   0.02326   0.02406       0.1       180       512    0.4005    0.2382    0.1765    0.1045   0.06187   0.01315   0.02879
    46/199     21.4G   0.05339   0.02374   0.02431    0.1014       170       512    0.3406    0.2796    0.2015    0.1147   0.05872   0.01257   0.02812
    47/199     21.4G    0.0529   0.02325   0.02381   0.09996       174       512    0.3208    0.2819    0.1901    0.1122   0.05888   0.01258   0.02863
    48/199     21.4G   0.05279   0.02329   0.02382    0.0999       168       512    0.4548    0.2722    0.1969    0.1139   0.05816   0.01214    0.0277
    49/199     21.4G   0.05257   0.02322   0.02422       0.1       221       512    0.3809    0.2455    0.1822    0.1089   0.05863   0.01324   0.02853
    50/199     21.4G   0.05298   0.02327   0.02412    0.1004       163       512    0.4341    0.2828    0.2094    0.1186   0.05762   0.01226   0.02789
    51/199     21.4G   0.05229   0.02295   0.02405   0.09929       189       512    0.4471    0.2776    0.2109    0.1202   0.05725   0.01229   0.02758
    52/199     21.4G   0.05233    0.0229   0.02375   0.09898       219       512    0.4943    0.2603    0.2163     0.121    0.0572   0.01231   0.02757
    53/199     21.4G   0.05213   0.02302   0.02386   0.09902       171       512    0.4444    0.2755    0.2134    0.1191   0.05811   0.01273   0.02778
    54/199     21.4G   0.05233   0.02304   0.02398   0.09936       160       512    0.4266    0.2609    0.2125    0.1195   0.05783   0.01227   0.02764
    55/199     21.4G   0.05189   0.02286   0.02354   0.09829       153       512    0.4252    0.2717    0.2062    0.1168   0.05774   0.01245   0.02781
    56/199     21.4G   0.05182   0.02276   0.02351   0.09809       272       512    0.3859    0.2702    0.2087    0.1191   0.05714   0.01246   0.02753
    57/199     21.4G   0.05179   0.02288   0.02373    0.0984       192       512    0.3859    0.2756    0.2107    0.1205   0.05732   0.01236   0.02758
    58/199     21.4G   0.05152   0.02259   0.02397   0.09807       194       512    0.3438    0.2652    0.2091    0.1207   0.05715   0.01236   0.02751
    59/199     21.4G   0.05203   0.02261   0.02355   0.09819       252       512    0.4947    0.2671    0.2168    0.1225   0.05717    0.0121    0.0274
    60/199     21.4G   0.05179   0.02259   0.02346   0.09784       161       512    0.5013     0.263    0.2196    0.1235   0.05696   0.01215   0.02742
    61/199     21.4G   0.05151   0.02256   0.02355   0.09762       228       512    0.3086    0.3109    0.2206    0.1247   0.05694   0.01246   0.02737
    62/199     21.4G    0.0516    0.0225   0.02355   0.09765       212       512    0.3623    0.2961    0.2204    0.1231   0.05688   0.01251   0.02734
    63/199     21.4G   0.05167   0.02224   0.02348   0.09739       156       512    0.2963     0.324    0.2203    0.1238   0.05677   0.01233   0.02729
    64/199     21.4G   0.05143    0.0229   0.02343   0.09776       189       512    0.4453     0.282    0.2251    0.1249   0.05654   0.01219   0.02721
    65/199     21.4G   0.05134   0.02239   0.02336   0.09709       227       512    0.3831    0.3016    0.2235    0.1252   0.05655   0.01229   0.02727
    66/199     21.4G   0.05097   0.02202   0.02321    0.0962       202       512    0.4568    0.2848    0.2272    0.1251   0.05671   0.01207   0.02727
    67/199     21.4G   0.05101   0.02249   0.02321   0.09671       195       512    0.4525    0.2934    0.2286    0.1258   0.05644   0.01208   0.02719
    68/199     21.4G   0.05117   0.02249   0.02312   0.09678       246       512    0.4737    0.2721    0.2286    0.1269   0.05635   0.01211   0.02716
    69/199     21.4G   0.05127   0.02263   0.02338   0.09728       261       512    0.4752    0.2654    0.2264    0.1263   0.05634   0.01231   0.02717
    70/199     21.4G   0.05106   0.02255    0.0239    0.0975       207       512     0.449    0.2873    0.2255    0.1265   0.05643   0.01214   0.02717
    71/199     21.4G   0.05094   0.02235   0.02318   0.09647       235       512    0.3972      0.28    0.2264    0.1271   0.05644   0.01219   0.02718
    72/199     21.4G   0.05117    0.0224   0.02358   0.09715       186       512    0.4227    0.2858     0.227    0.1264   0.05646   0.01231   0.02721
    73/199     21.4G   0.05077    0.0221   0.02305   0.09592       151       512    0.4426    0.2687    0.2262    0.1269   0.05639   0.01224   0.02717
    74/199     21.4G   0.05098   0.02226   0.02293   0.09617       277       512    0.4283    0.2812    0.2273    0.1273   0.05641   0.01217   0.02715
    75/199     21.4G   0.05074    0.0217   0.02272   0.09516       152       512    0.4194    0.2891    0.2273    0.1274   0.05651   0.01223   0.02716
    76/199     21.4G    0.0508    0.0222   0.02345   0.09646       175       512    0.4396    0.2726    0.2271    0.1275   0.05648   0.01219   0.02714
    77/199     21.4G   0.05057   0.02165   0.02318    0.0954       178       512     0.441    0.2754    0.2263    0.1276    0.0564   0.01218   0.02712
    78/199     21.4G   0.05016   0.02185   0.02259    0.0946       186       512    0.4362    0.2769    0.2277    0.1283   0.05637   0.01212   0.02708
    79/199     21.4G   0.05038   0.02177   0.02306    0.0952       196       512    0.4397     0.277    0.2279    0.1279   0.05638   0.01221   0.02709
    80/199     21.4G    0.0505   0.02194   0.02281   0.09525       171       512    0.4405    0.2752    0.2277    0.1285   0.05636   0.01218   0.02709
    81/199     21.4G   0.05032   0.02193   0.02304   0.09529       147       512    0.4481    0.2708    0.2285    0.1287   0.05628   0.01215   0.02706
    82/199     21.4G   0.05073   0.02209   0.02362   0.09644       179       512    0.4356    0.2767    0.2282    0.1285   0.05622   0.01211   0.02706
    83/199     21.4G   0.04989   0.02195   0.02249   0.09434       210       512    0.4237    0.2897    0.2287    0.1285   0.05624   0.01214   0.02707
    84/199     21.4G   0.05035   0.02207   0.02314   0.09556       188       512    0.4156     0.293    0.2297    0.1288   0.05623   0.01213   0.02707
    85/199     21.4G   0.05053   0.02159   0.02302   0.09513       178       512    0.4273    0.2832    0.2305     0.129   0.05621   0.01213   0.02706
    86/199     21.4G   0.05019    0.0219   0.02301    0.0951       224       512    0.4346    0.2786    0.2299    0.1291   0.05618    0.0121   0.02704
    87/199     21.4G   0.05006   0.02178   0.02305   0.09489       169       512    0.4523    0.2656      0.23    0.1289   0.05614   0.01205   0.02703
    88/199     21.4G   0.04973   0.02151   0.02266    0.0939       205       512    0.4366    0.2787    0.2294    0.1288   0.05616   0.01207   0.02703
    89/199     21.4G   0.04988    0.0214    0.0228   0.09408       199       512     0.453    0.2665    0.2294     0.129   0.05611   0.01204   0.02701
    90/199     21.4G   0.04997   0.02175    0.0228   0.09452       182       512    0.4587    0.2647    0.2293    0.1287   0.05609   0.01205     0.027
    91/199     21.4G   0.05022   0.02156   0.02291   0.09469       163       512    0.4547    0.2669    0.2285    0.1286    0.0561   0.01205     0.027
    92/199     21.4G   0.04987   0.02149   0.02266   0.09403       187       512    0.4458    0.2743    0.2292    0.1287   0.05609   0.01204   0.02699
    93/199     21.4G   0.04989   0.02132    0.0226   0.09381       190       512    0.4586    0.2678    0.2287    0.1284   0.05611   0.01205   0.02699
    94/199     21.4G   0.04972   0.02126   0.02256   0.09354       165       512    0.4498    0.2722    0.2298    0.1288   0.05611   0.01206   0.02699
    95/199     21.4G   0.04962   0.02122   0.02261   0.09345       151       512    0.4268    0.2794    0.2281    0.1284   0.05607   0.01205   0.02698
    96/199     21.4G   0.04946   0.02112   0.02248   0.09306       182       512    0.4241    0.2798     0.228    0.1286   0.05605   0.01202   0.02698
    97/199     21.4G   0.04941   0.02123    0.0223   0.09295       137       512     0.422    0.2813    0.2286    0.1288   0.05606   0.01203   0.02697
    98/199     21.4G   0.04935   0.02139   0.02255   0.09328       202       512    0.4272    0.2773    0.2281    0.1286   0.05607   0.01205   0.02698
    99/199     21.4G   0.04954   0.02152   0.02284    0.0939       226       512    0.4224    0.2789    0.2283    0.1286   0.05606   0.01205   0.02698
   100/199     21.4G   0.04942   0.02143   0.02252   0.09337       216       512    0.4324    0.2751    0.2281    0.1287   0.05607   0.01208   0.02697
   101/199     21.4G   0.04933   0.02123   0.02251   0.09307       179       512    0.4108     0.296    0.2287    0.1289   0.05608   0.01208   0.02698
   102/199     21.4G   0.04901   0.02124   0.02237   0.09262       235       512    0.4123    0.2959    0.2297    0.1291   0.05607   0.01208   0.02697
   103/199     21.4G   0.04952    0.0213   0.02258    0.0934       168       512    0.4132    0.2818    0.2296     0.129   0.05606   0.01208   0.02697
   104/199     21.4G   0.04907   0.02131   0.02265   0.09303       215       512     0.412    0.2934    0.2294    0.1291   0.05607   0.01209   0.02697
   105/199     21.4G   0.04947   0.02146   0.02282   0.09375       167       512     0.416    0.2867    0.2295     0.129   0.05609   0.01208   0.02697
   106/199     21.4G   0.04903   0.02104   0.02227   0.09233       220       512    0.4331    0.2746    0.2293    0.1291   0.05608   0.01207   0.02695
   107/199     21.4G   0.04947   0.02131   0.02273   0.09351       155       512    0.4345    0.2745    0.2304    0.1295   0.05607   0.01204   0.02695
   108/199     21.4G   0.04894   0.02118   0.02239   0.09252       198       512    0.4442    0.2671    0.2306    0.1295   0.05609   0.01205   0.02695
   109/199     21.4G   0.04912   0.02111   0.02241   0.09264       191       512    0.4357    0.2734     0.231    0.1296    0.0561   0.01203   0.02694
   110/199     21.4G   0.04925   0.02108   0.02197   0.09231       194       512    0.4184    0.2846    0.2321      0.13   0.05609   0.01204   0.02693
   111/199     21.4G   0.04858   0.02079   0.02201   0.09138       225       512    0.3313    0.3195    0.2324      0.13    0.0561   0.01204   0.02693
   112/199     21.4G   0.04877   0.02094   0.02201   0.09172       187       512    0.3602    0.3118    0.2323    0.1302    0.0561   0.01202   0.02691
   113/199     21.4G   0.04878   0.02103   0.02256   0.09237       173       512    0.3432     0.316     0.233    0.1304    0.0561   0.01201    0.0269
   114/199     21.4G   0.04883   0.02107   0.02226   0.09216       175       512    0.3473    0.3147    0.2327    0.1303    0.0561     0.012    0.0269
   115/199     21.4G   0.04898   0.02099   0.02205   0.09202       217       512    0.3741    0.3088    0.2324    0.1304    0.0561   0.01199   0.02689
   116/199     21.4G   0.04859   0.02076   0.02182   0.09118       207       512    0.3404    0.3142    0.2335    0.1308   0.05607   0.01196   0.02687
   117/199     21.4G   0.04857   0.02068   0.02195   0.09121       165       512    0.3453    0.3115    0.2335    0.1306   0.05608   0.01196   0.02687
   118/199     21.4G   0.04845   0.02084   0.02206   0.09135       191       512    0.4602    0.2632    0.2334    0.1308   0.05609   0.01197   0.02685
   119/199     21.4G   0.04821   0.02075    0.0217   0.09065       198       512    0.4599    0.2619    0.2331    0.1309   0.05608   0.01195   0.02685
   120/199     21.4G   0.04812   0.02079   0.02189    0.0908       208       512    0.4601     0.264    0.2339     0.131   0.05607   0.01195   0.02685
   121/199     21.4G   0.04834    0.0206   0.02188   0.09081       159       512    0.3702    0.3017    0.2337    0.1311   0.05609   0.01196   0.02684
   122/199     21.4G   0.04844   0.02092     0.022   0.09135       230       512    0.3442    0.3138    0.2337    0.1311   0.05609   0.01196   0.02684
   123/199     21.4G   0.04783   0.02051   0.02155   0.08989       215       512    0.3301    0.3167    0.2333    0.1311   0.05611   0.01197   0.02684
   124/199     21.4G    0.0482   0.02058   0.02173   0.09051       165       512    0.3754    0.2956    0.2336    0.1312   0.05612   0.01197   0.02684
   125/199     21.4G   0.04814   0.02064   0.02173    0.0905       155       512    0.3703    0.2987    0.2336    0.1311   0.05613   0.01198   0.02684
   126/199     21.4G   0.04806   0.02072   0.02207   0.09084       207       512    0.3694    0.2961    0.2332    0.1311   0.05614   0.01198   0.02683
   127/199     21.4G   0.04806   0.02069   0.02162   0.09037       192       512    0.3713     0.296    0.2337    0.1312   0.05614   0.01197   0.02682
   128/199     21.4G   0.04805   0.02033     0.022   0.09037       174       512    0.3727    0.2954    0.2338    0.1313   0.05614   0.01196   0.02681
   129/199     21.4G   0.04779    0.0204   0.02153   0.08972       216       512    0.3648    0.2965    0.2342    0.1315   0.05614   0.01197   0.02681
   130/199     21.4G   0.04784   0.02037   0.02208   0.09029       193       512    0.3567    0.2985    0.2338    0.1314   0.05613   0.01196   0.02681
   131/199     21.4G   0.04795   0.02047   0.02205   0.09048       152       512    0.3596    0.2967    0.2339    0.1312   0.05614   0.01196   0.02681
   132/199     21.4G   0.04774   0.02065   0.02164   0.09002       164       512    0.3627    0.2944    0.2333    0.1313   0.05613   0.01195    0.0268
   133/199     21.4G   0.04809   0.02062   0.02222   0.09093       204       512     0.347    0.3017    0.2337    0.1313   0.05613   0.01195    0.0268
   134/199     21.4G   0.04754   0.02038   0.02163   0.08955       186       512    0.3547    0.2978    0.2343    0.1316   0.05612   0.01193   0.02679
   135/199     21.4G    0.0478   0.02066   0.02182   0.09028       163       512     0.366    0.2912    0.2339    0.1319   0.05613   0.01193   0.02679
   136/199     21.4G   0.04774   0.02062   0.02193   0.09028       161       512    0.3561    0.2948    0.2345    0.1318   0.05613   0.01191   0.02678
   137/199     21.4G   0.04754   0.02048   0.02165   0.08967       187       512    0.3596    0.2941    0.2343    0.1316   0.05614   0.01191   0.02678
   138/199     21.4G   0.04739   0.01993   0.02159   0.08892       208       512     0.351    0.2966    0.2344    0.1314   0.05615    0.0119   0.02678
   139/199     21.4G   0.04761   0.02039   0.02174   0.08973       168       512    0.3524    0.2983    0.2339    0.1312   0.05614   0.01191   0.02678
   140/199     21.4G   0.04712   0.02002   0.02124   0.08838       223       512    0.3539    0.2967    0.2338    0.1312   0.05615   0.01192   0.02677
   141/199     21.4G   0.04717   0.01996   0.02124   0.08837       204       512    0.3545    0.2958    0.2337    0.1312   0.05614   0.01191   0.02677
   142/199     21.4G   0.04732    0.0201    0.0216   0.08902       184       512    0.3558    0.2944    0.2341    0.1311   0.05615   0.01192   0.02677
   143/199     21.4G   0.04717   0.01994    0.0214   0.08852       194       512    0.3645    0.2898    0.2341    0.1313   0.05616   0.01191   0.02677
   144/199     21.4G   0.04724   0.02006    0.0215   0.08881       170       512    0.3654    0.2893    0.2343    0.1313   0.05617   0.01191   0.02676
   145/199     21.4G   0.04709   0.02006   0.02137   0.08852       193       512    0.3656    0.2882    0.2337     0.131   0.05617   0.01191   0.02675
   146/199     21.4G   0.04682   0.01987   0.02113   0.08782       189       512    0.3596    0.2909    0.2331    0.1307   0.05617   0.01192   0.02675
   147/199     21.4G   0.04723   0.02014   0.02144   0.08881       153       512    0.3617    0.2907    0.2333    0.1308   0.05618   0.01192   0.02675
   148/199     21.4G   0.04724   0.02027    0.0217   0.08921       207       512    0.3692    0.2847    0.2339    0.1308   0.05617   0.01194   0.02674
   149/199     21.4G   0.04723    0.0201   0.02161   0.08894       183       512     0.363    0.2884    0.2344    0.1309   0.05614   0.01193   0.02673
   150/199     21.4G    0.0473   0.02009   0.02184   0.08924       187       512    0.3721    0.2835    0.2341    0.1308   0.05614   0.01195   0.02673
   151/199     21.4G   0.04672   0.01986    0.0209   0.08749       223       512    0.3716    0.2822     0.234    0.1312   0.05614   0.01194   0.02672
   152/199     21.4G   0.04719   0.02017   0.02177   0.08912       215       512    0.3935    0.2714    0.2349    0.1312   0.05614   0.01194   0.02672
   153/199     21.4G   0.04662   0.02005   0.02132   0.08799       231       512    0.3934    0.2704    0.2355    0.1314   0.05613   0.01194   0.02671
   154/199     21.4G   0.04685   0.01987   0.02136   0.08808       195       512    0.3958      0.27    0.2354    0.1314   0.05612   0.01195   0.02671
   155/199     21.4G   0.04694   0.01972   0.02144    0.0881       222       512      0.37    0.2832    0.2348    0.1313   0.05613   0.01196   0.02671
   156/199     21.4G   0.04632   0.01985   0.02114    0.0873       150       512    0.3927    0.2701    0.2354    0.1317   0.05613   0.01198   0.02671
   157/199     21.4G   0.04658   0.01957   0.02138   0.08754       228       512    0.3928    0.2689    0.2353    0.1316   0.05611   0.01199    0.0267
   158/199     21.4G   0.04638   0.01991   0.02098   0.08727       211       512    0.3957    0.2675    0.2352    0.1316   0.05609   0.01201    0.0267
   159/199     21.4G   0.04649    0.0197   0.02116   0.08735       224       512    0.3937      0.27    0.2345    0.1314    0.0561   0.01202    0.0267
   160/199     21.4G   0.04641   0.01954   0.02092   0.08687       193       512    0.3957    0.2686    0.2347    0.1314    0.0561   0.01202    0.0267
   161/199     21.4G   0.04629   0.01949   0.02084   0.08662       182       512    0.3718    0.2785     0.235    0.1314   0.05609   0.01204   0.02669
   162/199     21.4G   0.04665   0.01995   0.02134   0.08794       179       512    0.3765     0.278    0.2357    0.1315   0.05607   0.01206   0.02668
   163/199     21.4G   0.04633   0.01995   0.02107   0.08736       205       512    0.3769    0.2762    0.2358    0.1317   0.05606   0.01206   0.02668
   164/199     21.4G   0.04637   0.01981   0.02111    0.0873       193       512    0.3785    0.2743     0.236    0.1314   0.05605   0.01209   0.02668
   165/199     21.4G   0.04659   0.01941   0.02135   0.08735       157       512    0.3799    0.2733    0.2363    0.1312   0.05605   0.01211   0.02668
   166/199     21.4G    0.0461   0.01962   0.02094   0.08666       172       512    0.3722    0.2782    0.2358     0.131   0.05604    0.0121   0.02667
   167/199     21.4G   0.04622   0.01984   0.02107   0.08713       179       512    0.3758    0.2765    0.2361    0.1312   0.05604   0.01214   0.02668
   168/199     21.4G   0.04639   0.01981   0.02116   0.08736       152       512    0.3774    0.2745    0.2361    0.1311   0.05605   0.01215   0.02668
   169/199     21.4G   0.04602    0.0196   0.02097   0.08658       184       512     0.381    0.2748    0.2366    0.1312   0.05603   0.01215   0.02667
   170/199     21.4G   0.04634   0.01946   0.02105   0.08685       186       512    0.3799    0.2729    0.2367    0.1313   0.05605   0.01218   0.02668
   171/199     21.4G   0.04611   0.01962   0.02062   0.08635       218       512    0.3819    0.2722    0.2367    0.1313   0.05603   0.01219   0.02667
   172/199     21.4G   0.04583   0.01949   0.02086   0.08619       155       512    0.3455    0.2986    0.2374    0.1316   0.05602   0.01218   0.02666
   173/199     21.4G   0.04615   0.01953   0.02063   0.08631       275       512     0.377    0.2757    0.2367    0.1313   0.05601    0.0122   0.02666
   174/199     21.4G   0.04583   0.01939   0.02074   0.08596       160       512    0.3467    0.2945    0.2369    0.1314   0.05601   0.01222   0.02666
   175/199     21.4G   0.04594   0.01922   0.02089   0.08605       164       512    0.3467     0.293    0.2367    0.1312   0.05601   0.01224   0.02666
   176/199     21.4G   0.04608   0.01928   0.02106   0.08641       241       512    0.3748    0.2746    0.2358    0.1312   0.05602   0.01227   0.02667
   177/199     21.4G   0.04586    0.0195   0.02061   0.08597       251       512    0.3412    0.2955    0.2365    0.1316   0.05602   0.01228   0.02667
   178/199     21.4G   0.04579    0.0195   0.02087   0.08616       196       512    0.3429    0.2958    0.2366    0.1316   0.05601    0.0123   0.02666
   179/199     21.4G   0.04589   0.01919   0.02102    0.0861       175       512    0.3434    0.2946     0.237    0.1318     0.056    0.0123   0.02665
   180/199     21.4G    0.0456   0.01912   0.02073   0.08545       167       512    0.3447     0.294    0.2373    0.1319   0.05601   0.01232   0.02666
   181/199     21.4G    0.0457   0.01895   0.02061   0.08526       186       512    0.3829    0.2712    0.2372    0.1319   0.05601   0.01234   0.02666
   182/199     21.4G   0.04589   0.01951   0.02089    0.0863       215       512    0.3846    0.2708    0.2376     0.132   0.05602   0.01237   0.02666
   183/199     21.4G   0.04549   0.01896   0.02061   0.08506       187       512    0.3797    0.2753    0.2377    0.1318   0.05602   0.01239   0.02666
   184/199     21.4G   0.04544   0.01916   0.02051   0.08512       162       512    0.3818    0.2743    0.2379    0.1318   0.05603   0.01241   0.02666
   185/199     21.4G   0.04576   0.01902   0.02069   0.08546       163       512    0.3835    0.2739    0.2384     0.132   0.05602   0.01244   0.02666
   186/199     21.4G   0.04553   0.01922   0.02095    0.0857       161       512    0.3855    0.2712    0.2382     0.132   0.05604   0.01249   0.02666
   187/199     21.4G   0.04572   0.01912   0.02088   0.08573       199       512    0.3879    0.2714    0.2393    0.1323   0.05602    0.0125   0.02666
   188/199     21.4G   0.04597   0.01926   0.02098   0.08622       209       512    0.3896    0.2687    0.2393    0.1325   0.05601   0.01255   0.02666
   189/199     21.4G   0.04538   0.01902   0.02046   0.08486       161       512    0.3796    0.2722    0.2387    0.1322   0.05601   0.01258   0.02666
   190/199     21.4G   0.04555   0.01901    0.0202   0.08475       151       512     0.381    0.2716    0.2389    0.1323   0.05598   0.01259   0.02665
   191/199     21.4G    0.0454   0.01879   0.02065   0.08483       244       512    0.3838    0.2716    0.2399    0.1322   0.05598   0.01261   0.02664
   192/199     21.4G   0.04531   0.01881   0.02033   0.08444       189       512    0.3833    0.2706    0.2404    0.1323   0.05598   0.01262   0.02664
   193/199     21.4G   0.04569   0.01935   0.02105   0.08609       203       512    0.3838    0.2703    0.2407    0.1324   0.05599   0.01264   0.02664
   194/199     21.4G   0.04554   0.01934   0.02065   0.08554       183       512    0.3976    0.2649    0.2407    0.1325   0.05597   0.01265   0.02663
   195/199     21.4G   0.04537   0.01919   0.02067   0.08523       198       512    0.3979    0.2648    0.2404    0.1326   0.05595   0.01266   0.02663
   196/199     21.4G   0.04518   0.01878   0.02051   0.08447       175       512    0.3994    0.2639    0.2404    0.1325   0.05595   0.01267   0.02663
   197/199     21.4G   0.04536   0.01911   0.02082    0.0853       184       512    0.3988     0.263      0.24    0.1325   0.05595   0.01269   0.02662
   198/199     21.4G    0.0456    0.0189   0.02051   0.08502       206       512    0.3796    0.2725    0.2404    0.1324   0.05594    0.0127   0.02662
   199/199     21.4G   0.04567   0.01932   0.02063   0.08562       237       512    0.3811    0.2723    0.2405    0.1324   0.05596   0.01272   0.02662
