      0/79     25.3G   0.09873   0.03297   0.03746    0.1692       103       640  0.000437    0.1341 0.0001481 2.143e-05   0.08776   0.02141   0.03564
      1/79     24.9G   0.09037   0.03006   0.03511    0.1555        74       640 0.0008022    0.2029  0.000415 6.485e-05   0.08706   0.01974   0.03414
      2/79     24.9G   0.08851   0.02912   0.03385    0.1515        60       640 0.0009424     0.203 0.0003964 6.596e-05   0.08764   0.01889   0.03389
      3/79     24.9G   0.08878   0.02981   0.03327    0.1519        89       640  0.004197  0.003876  0.001318 0.0002489   0.08602     0.019   0.03277
      4/79     24.9G   0.08832   0.02768   0.03313    0.1491        84       640  0.001302  0.003876   0.00017 2.137e-05    0.1079    0.2007   0.09293
      5/79     24.9G   0.08413   0.03001   0.03199    0.1461        64       640   0.01129    0.1426  0.005768  0.001071   0.08102   0.01897   0.03047
      6/79     24.9G   0.07945   0.02959   0.02972    0.1388        65       640    0.3691    0.1323   0.02975  0.007423   0.08102   0.01868   0.02704
      7/79     24.9G   0.07591   0.02794   0.02753    0.1314        65       640   0.07236    0.1821   0.03046  0.006659   0.08048   0.01766    0.0245
      8/79     24.9G   0.07216   0.02718   0.02441    0.1238        83       640    0.1542    0.1853   0.05344   0.01362   0.07868   0.02094   0.02327
      9/79     24.9G   0.07101   0.02611   0.02209    0.1192       108       640    0.1472    0.2239   0.09146   0.01859   0.07742   0.02299   0.02101
     10/79     24.9G   0.06958   0.02488   0.02102    0.1155        92       640    0.2158    0.1962    0.1097   0.02448   0.07018   0.01629   0.01759
     11/79     24.9G   0.06733   0.02383   0.01841    0.1096       106       640    0.1733    0.3299    0.1472   0.03449   0.07265   0.01851   0.01858
     12/79     24.9G   0.06478   0.02405   0.01707    0.1059        62       640    0.2088     0.224    0.1101   0.02608    0.0745    0.0154   0.01965
     13/79     24.9G    0.0641   0.02314   0.01711    0.1044        67       640    0.2224    0.2956    0.1393   0.03481     0.072   0.01977   0.01979
     14/79     24.9G    0.0634   0.02303   0.01568    0.1021        65       640    0.2801    0.2075    0.1055   0.02694   0.07301   0.01535   0.01901
     15/79     24.9G   0.06259    0.0228   0.01558     0.101        53       640    0.2477    0.2279    0.1545   0.03492   0.06542   0.01501   0.01424
     16/79     24.9G   0.06163   0.02296   0.01549    0.1001        80       640    0.1412     0.156    0.0648   0.01787   0.07219   0.01706   0.02103
     17/79     24.9G   0.06112   0.02278   0.01531   0.09921        66       640    0.2572     0.269    0.1381   0.03653   0.07066   0.01402   0.01887
     18/79     24.9G    0.0601   0.02248   0.01502   0.09759        92       640    0.1634    0.3799    0.1377   0.03909   0.06614   0.01608   0.01823
     19/79     24.9G   0.05982   0.02261   0.01441   0.09684        73       640    0.0455    0.1417    0.0135  0.002996    0.0838   0.01547   0.02402
     20/79     24.9G   0.05905   0.02224    0.0148    0.0961        57       640    0.1946    0.1681     0.064   0.01593   0.07474   0.01542    0.0327
     21/79     24.9G   0.05923    0.0224   0.01449   0.09613        79       640    0.1294    0.2202   0.03574  0.007633   0.07702   0.01632   0.03857
     22/79     24.9G   0.05831   0.02198   0.01449   0.09478        73       640   0.04165    0.1835   0.01423  0.003817   0.09084   0.01407   0.04876
     23/79     24.9G   0.05904   0.02187   0.01387   0.09478        90       640    0.1894    0.1485   0.04364   0.01221   0.08065   0.01641   0.03643
     24/79     24.9G   0.06198    0.0215   0.01313   0.09662        57       640    0.3116    0.2318    0.1659    0.0455   0.06868    0.0141   0.01866
     25/79     24.9G   0.05809   0.02172   0.01361   0.09342        87       640    0.1142     0.164   0.04129  0.009962   0.07484   0.01864   0.03269
     26/79     24.9G   0.05818   0.02193   0.01306   0.09317       101       640   0.08464    0.3135   0.03833  0.008473   0.07274    0.0213   0.03355
     27/79     24.9G   0.05771   0.02261    0.0142   0.09452        84       640    0.3638    0.1661   0.01697   0.00388   0.08283   0.01582   0.04498
     28/79     24.9G   0.05904   0.02183   0.01371   0.09457        93       640    0.2187    0.2813    0.0963   0.02473   0.07329   0.01663   0.03005
     29/79     24.9G   0.05658   0.02248   0.01349   0.09255        69       640    0.7009   0.04361   0.01838   0.00425   0.08236   0.01789   0.04278
     30/79     24.9G   0.05602   0.02171   0.01351   0.09123        77       640    0.6977   0.01246  0.003015     0.001   0.08662   0.02216   0.03495
     31/79     24.9G   0.05576    0.0221   0.01331   0.09118        76       640   0.03735    0.1448   0.01678  0.004616    0.0771   0.01968   0.03641
     32/79     24.9G   0.05545   0.02168   0.01276   0.08989        89       640    0.1296    0.2945    0.1098   0.02911   0.06936    0.0156   0.02548
     33/79     24.9G   0.05395   0.02177   0.01184   0.08756        77       640     0.418    0.1049   0.03258  0.007558   0.07784   0.01574   0.05365
     34/79     24.9G   0.05367   0.02131   0.01235   0.08733        81       640    0.2861     0.333    0.1817   0.06435   0.06529   0.01471   0.02009
     35/79     24.9G   0.05306   0.02104   0.01214   0.08623        82       640    0.1091    0.2789   0.07765   0.01614   0.07461   0.01624   0.04153
     36/79     24.9G   0.05207   0.02055   0.01198    0.0846        85       640    0.2069    0.2649    0.1639   0.04975   0.06713   0.01507    0.0298
     37/79     24.9G   0.05112   0.02009   0.01141   0.08262        94       640    0.2098    0.1687    0.1041   0.02902   0.06946   0.01617   0.01799
     38/79     24.9G   0.05145   0.02021   0.01072   0.08238       120       640    0.1147   0.09674   0.02927   0.00808   0.07857   0.01848    0.0285
     39/79     24.9G   0.05108   0.02001   0.01073   0.08181        72       640   0.05441    0.1714   0.01961  0.004289   0.08119    0.0171    0.0412
     40/79     24.9G   0.04957   0.01988   0.01096   0.08041        64       640    0.3308    0.2673    0.1769   0.05036   0.06468   0.01453   0.02317
     41/79     24.9G   0.05004   0.02028  0.009988    0.0803       114       640     0.283    0.3499    0.2536   0.08322   0.06036   0.01375   0.01485
     42/79     24.9G   0.04871   0.01895  0.009967   0.07762        69       640    0.1364     0.229   0.07363   0.01957   0.07152   0.01739   0.02322
     43/79     24.9G     0.048   0.02001  0.009321   0.07732        83       640    0.2054    0.2416    0.1385    0.0434   0.06784   0.01535   0.02139
     44/79     24.9G    0.0476   0.01965  0.009277   0.07654        92       640    0.3972    0.2883    0.2791   0.08327   0.06083   0.01327   0.01358
     45/79     24.9G   0.04675   0.01937  0.009226   0.07534        81       640    0.4125    0.2927    0.2799   0.08966   0.05933   0.01406   0.01673
     46/79     24.9G   0.04668   0.01949  0.009066   0.07524        97       640    0.3351    0.3071    0.2451   0.08291   0.06109   0.01399   0.01437
     47/79     24.9G   0.04587   0.01911  0.008542   0.07352        85       640    0.2687    0.4405    0.2427     0.083   0.06136   0.01398   0.01652
     48/79     24.9G   0.04543   0.01899   0.00914   0.07356        85       640    0.2846    0.3206    0.2496   0.08678   0.05946   0.01365   0.01527
     49/79     24.9G   0.04445   0.01881  0.008364   0.07163        83       640    0.2754    0.3836    0.2614   0.08456   0.06079   0.01385    0.0175
     50/79     24.9G   0.04421   0.01865  0.008196   0.07106        91       640    0.3242    0.3534    0.2312   0.07996     0.061   0.01448    0.0148
     51/79     24.9G   0.04338   0.01775  0.008039   0.06917        89       640    0.3456    0.3288    0.2554   0.08121   0.06143   0.01377   0.01458
     52/79     24.9G   0.04328   0.01708  0.008293   0.06865        97       640    0.4101    0.2431    0.2138   0.06711   0.06403   0.01465   0.01901
     53/79     24.9G   0.04253    0.0177  0.007783   0.06802        92       640    0.3829    0.2778    0.2404   0.08412   0.05959   0.01481    0.0165
     54/79     24.9G    0.0423   0.01787  0.008225   0.06839        61       640    0.4165    0.1993    0.1997   0.06325   0.06052   0.01525   0.01901
     55/79     24.9G   0.04141   0.01703   0.00752   0.06596        88       640    0.3858    0.3411    0.2738   0.09513   0.05963   0.01423   0.01594
     56/79     24.9G   0.04104   0.01706  0.007624   0.06573        87       640    0.3479     0.358    0.2637   0.09168   0.06003   0.01419   0.01416
     57/79     24.9G   0.04096    0.0172  0.007718   0.06588        86       640    0.3475    0.3697    0.2601   0.09257   0.05969   0.01418   0.01558
     58/79     24.9G   0.04089   0.01714  0.006965   0.06499       108       640    0.3492    0.3252    0.2587    0.0887   0.05999   0.01462   0.01845
     59/79     24.9G   0.04005   0.01659  0.007696   0.06434        86       640    0.4455    0.2423    0.2342   0.06922   0.06498   0.01469   0.02507
     60/79     24.9G   0.03933   0.01655  0.007202   0.06309       104       640    0.4099    0.3456    0.2914    0.0982   0.05892   0.01427   0.01691
     61/79     24.9G     0.039   0.01563  0.006809   0.06144        89       640    0.3491    0.3046    0.2345   0.07349   0.06238   0.01581   0.01775
     62/79     24.9G   0.03958   0.01561  0.006516    0.0617        63       640    0.4275    0.3336    0.2742   0.09735   0.05888    0.0152   0.01655
     63/79     24.9G   0.03824   0.01612  0.006362   0.06072        85       640    0.3247    0.2933    0.2344   0.07392   0.06137   0.01659   0.01714
     64/79     24.9G   0.03788   0.01607  0.006607   0.06056        76       640    0.3306    0.2707    0.2159   0.07073   0.06319   0.01664   0.01554
     65/79     24.9G   0.03775   0.01552  0.006769   0.06004        87       640    0.2941    0.3685    0.2598   0.08685   0.06086   0.01536   0.01551
     66/79     24.9G    0.0371   0.01603  0.006556   0.05969        72       640    0.3346    0.2953    0.2249   0.06851   0.06373   0.01631   0.01644
     67/79     24.9G   0.03741   0.01575  0.006476   0.05964        66       640    0.3512    0.3276    0.2553   0.08582   0.05951   0.01496    0.0178
     68/79     24.9G   0.03671   0.01516  0.006201   0.05807        70       640    0.3445     0.306    0.2389   0.08888   0.06182   0.01505   0.01862
     69/79     24.9G   0.03626   0.01458  0.006285   0.05712       114       640    0.3105    0.3469     0.244   0.08746   0.05959   0.01568   0.01464
     70/79     24.9G   0.03649   0.01527  0.005829    0.0576        83       640    0.3322    0.2794     0.247   0.07984   0.06169   0.01516   0.01873
     71/79     24.9G    0.0358    0.0149  0.006731   0.05744       104       640    0.4175    0.2143    0.2143   0.07258    0.0635   0.01642   0.02188
     72/79     24.9G   0.03607   0.01447  0.005735   0.05627        77       640    0.4102    0.3279    0.2603   0.08738   0.06289   0.01631   0.01606
     73/79     24.9G   0.03526   0.01439  0.006251    0.0559        79       640    0.3725    0.2445    0.2074   0.07081   0.06063   0.01654   0.01895
     74/79     24.9G   0.03461   0.01431  0.006044   0.05497        73       640    0.3422    0.3244    0.2447   0.08727   0.05882   0.01592   0.01915
     75/79     24.9G   0.03497   0.01507  0.006161   0.05621       105       640    0.4495    0.2128    0.1957   0.06001   0.06587   0.01706   0.02237
     76/79     24.9G   0.03543   0.01429  0.005716   0.05543        95       640    0.3849    0.3114    0.2539   0.08945   0.05943   0.01589   0.01643
     77/79     24.9G   0.03418   0.01434  0.005569   0.05409        95       640     0.316    0.3025    0.2297   0.08269   0.05974   0.01664   0.01698
     78/79     24.9G   0.03421   0.01405  0.005319   0.05358        60       640    0.3226    0.3166    0.2373   0.08089   0.06055   0.01566   0.01981
     79/79     24.9G    0.0341   0.01441  0.006016   0.05453       106       640    0.3584    0.3077    0.2328   0.08084   0.05976   0.01667   0.01589
