      0/49       19G   0.08306   0.02816   0.05128    0.1625        61      1024 0.0001165  0.001725 6.313e-06 1.018e-06   0.08598   0.02062    0.0621
      1/49       18G   0.08007   0.02815   0.04454    0.1528        42      1024   0.07259   0.01266 0.0001815  2.91e-05   0.08711    0.0216    0.0699
      2/49       18G   0.08189   0.02862   0.05291    0.1634        63      1024 9.922e-05   0.03211 2.498e-05 3.246e-06   0.08294   0.01963   0.06412
      3/49       18G   0.07835   0.02878    0.0462    0.1533        42      1024    0.2236   0.01708  0.005547  0.001646   0.07943   0.01933    0.0467
      4/49       18G   0.07693   0.02751   0.04303    0.1475        91      1024    0.1538   0.03698  0.004071 0.0008724   0.07947   0.02128   0.05037
      5/49       18G    0.0764   0.02805   0.04113    0.1456        29      1024    0.2895   0.01086  0.002164 0.0005517   0.07981   0.01947   0.04547
      6/49       18G   0.07581    0.0272   0.03935    0.1424        93      1024    0.5013  0.007454 0.0007075 0.0001723   0.08083   0.02226   0.04475
      7/49       18G   0.07453   0.02742   0.03826    0.1402        95      1024    0.5079   0.01076  0.004479  0.001254   0.08389   0.01714   0.04434
      8/49       18G   0.07414   0.02764     0.038    0.1398        67      1024    0.6524   0.01664  0.005365   0.00176    0.0767   0.01971   0.03916
      9/49       18G     0.073   0.02748   0.03762    0.1381        61      1024    0.6542   0.01767  0.006709  0.002162    0.0768   0.02132   0.03856
     10/49       18G   0.07271   0.02704   0.03679    0.1365        64      1024    0.5823   0.01461  0.006797  0.002041   0.07779    0.0195   0.04095
     11/49       18G   0.07246   0.02748   0.03666    0.1366        86      1024    0.6596   0.02737    0.0135  0.005028     0.076   0.01901    0.0385
     12/49       18G   0.07155   0.02759   0.03658    0.1357        43      1024    0.6514   0.02315    0.0071  0.001777   0.07329   0.02015   0.03823
     13/49       18G   0.07143   0.02717   0.03548    0.1341        38      1024    0.6661   0.03655   0.01366   0.00381   0.07467   0.01914   0.03694
     14/49       18G   0.07109   0.02738   0.03569    0.1342        59      1024    0.5848   0.05249   0.01248  0.003061   0.07358   0.01897   0.03622
     15/49       18G   0.07123   0.02717   0.03554    0.1339        82      1024    0.6471  0.004936  0.001371   0.00034   0.08407   0.01851   0.04697
     16/49       18G   0.07008   0.02718   0.03481    0.1321        60      1024    0.4461   0.04862    0.0129  0.003714   0.07264   0.02055   0.03828
     17/49       18G   0.07032   0.02795    0.0354    0.1337        67      1024    0.5906    0.0269   0.02073  0.005894   0.07237   0.01962   0.03775
     18/49       18G   0.06974   0.02711   0.03452    0.1314        29      1024    0.2215   0.09043  0.006171  0.001746   0.07492   0.02083   0.03714
     19/49       18G   0.06967   0.02736   0.03479    0.1318        58      1024    0.5753   0.06085    0.0173  0.006149   0.07006   0.01929   0.03438
     20/49       18G   0.06955   0.02755   0.03545    0.1325        48      1024    0.5848   0.04707   0.01154  0.003505   0.07265   0.01961   0.03936
     21/49       18G   0.06911   0.02714    0.0344    0.1307        77      1024    0.6009   0.07002    0.0236  0.008903   0.06938   0.01872   0.03337
     22/49       18G   0.06859   0.02727   0.03452    0.1304        44      1024    0.3734   0.08092   0.02077  0.008304   0.06872   0.01879   0.03475
     23/49       18G   0.06892   0.02684   0.03416    0.1299        47      1024    0.8049   0.03848   0.01431  0.004337   0.07175   0.01903   0.03592
     24/49       18G   0.06843   0.02718   0.03367    0.1293        51      1024    0.8046   0.04282   0.01993  0.007494   0.06768   0.01921   0.03363
     25/49       18G   0.06831    0.0269   0.03426    0.1295        73      1024    0.5949   0.07416   0.01726  0.006403   0.06841   0.01874    0.0341
     26/49       18G   0.06778   0.02711   0.03327    0.1282        65      1024    0.4881   0.08116   0.03334   0.01297   0.06637   0.01878   0.03219
     27/49       18G   0.06783   0.02725    0.0338    0.1289        44      1024     0.603     0.101   0.03118   0.01294   0.06558   0.01805   0.03202
     28/49       18G   0.06727   0.02684    0.0335    0.1276        49      1024    0.8099   0.04452   0.02721   0.01024   0.06655    0.0187   0.03296
     29/49       18G    0.0669   0.02707   0.03324    0.1272        82      1024    0.6356    0.0845   0.03897   0.01442   0.06475   0.01832   0.03112
     30/49       18G   0.06706   0.02621   0.03313    0.1264        39      1024    0.8901   0.05683   0.03724   0.01512   0.06711   0.01812   0.03242
     31/49       18G   0.06562   0.02638   0.03185    0.1239        50      1024    0.5129    0.1205   0.04923   0.02091   0.06365   0.01751   0.03054
     32/49       18G   0.06557    0.0264   0.03199     0.124        64      1024    0.7084   0.07159   0.04543   0.01832   0.06349   0.01773   0.03053
     33/49       18G   0.06534   0.02626   0.03173    0.1233        92      1024    0.7723   0.06997   0.04641   0.01897   0.06327   0.01739   0.03001
     34/49       18G   0.06529   0.02598   0.03194    0.1232        44      1024    0.4361    0.1255   0.05599   0.02324   0.06321   0.01752   0.02997
     35/49       18G   0.06451   0.02623   0.03118    0.1219        50      1024    0.4241    0.1521   0.05631   0.02377    0.0625   0.01725   0.02977
     36/49       18G   0.06426    0.0258   0.03119    0.1213        66      1024    0.3698    0.1457   0.06459   0.02556   0.06192   0.01739   0.02966
     37/49       18G    0.0642   0.02591   0.03105    0.1212        40      1024    0.5098      0.12   0.06754   0.02708   0.06101    0.0173   0.02942
     38/49       18G   0.06374    0.0254   0.03018    0.1193        86      1024    0.4084    0.1603   0.07372   0.02972   0.06119   0.01675   0.02941
     39/49       18G   0.06348   0.02551    0.0305    0.1195        48      1024    0.3709    0.1488    0.0774   0.03137    0.0606   0.01641   0.02914
     40/49       18G     0.063   0.02439   0.03008    0.1175        55      1024    0.3506     0.156    0.0783   0.03135   0.06104    0.0169    0.0293
     41/49       18G   0.06246   0.02507   0.03054    0.1181        45      1024    0.2664    0.1823   0.07911   0.03121   0.06115   0.01726   0.02957
     42/49       18G    0.0627   0.02507   0.03048    0.1183        63      1024    0.1808    0.1998   0.08482   0.03343   0.05994   0.01625   0.02896
     43/49       18G   0.06196   0.02433   0.02957    0.1159        21      1024    0.2894     0.193   0.09222   0.03597   0.05971   0.01607    0.0288
     44/49       18G   0.06209   0.02425   0.02982    0.1162        78      1024    0.2005    0.1962   0.09686   0.03833   0.05907   0.01588   0.02861
     45/49       18G   0.06173   0.02403   0.02992    0.1157        64      1024    0.3385    0.1743   0.09755   0.03869   0.05892   0.01583   0.02853
     46/49       18G   0.06158   0.02401   0.02966    0.1152        42      1024    0.2411    0.2066    0.1012   0.04057   0.05887   0.01554   0.02845
     47/49       18G   0.06114   0.02401    0.0292    0.1144        76      1024    0.2903     0.187    0.1062   0.04157   0.05869   0.01566   0.02835
     48/49       18G   0.06103   0.02364   0.02943    0.1141        44      1024    0.3042    0.1812    0.1082   0.04214   0.05857   0.01542   0.02842
     49/49       18G   0.06098   0.02382   0.02919     0.114        52      1024    0.3439    0.1822    0.1106   0.04337   0.05859   0.01564   0.02834
