      0/99       27G   0.08651   0.05682   0.05012    0.1935       158      1024    0.1025   0.00604 0.0005084 9.047e-05   0.09061    0.1757   0.06595
      1/99     25.3G   0.07535   0.05005   0.04263     0.168       171      1024    0.7115   0.02257   0.01381   0.00352   0.08005   0.05214   0.04853
      2/99       30G   0.07337   0.05013   0.04132    0.1648       171      1024   0.05212   0.08271   0.01021  0.002435   0.08066    0.0583   0.05567
      3/99       30G   0.07274   0.04998   0.04081    0.1635       154      1024   0.01486    0.0639  0.001796 0.0004811   0.08426   0.05826    0.0668
      4/99       30G    0.0723   0.04944    0.0408    0.1625       194      1024    0.4054   0.01283  0.001499 0.0002803   0.08625   0.09651   0.05404
      5/99       30G   0.07124   0.04872   0.03984    0.1598       180      1024   0.01284   0.06273  0.003273 0.0009121   0.08702   0.04219   0.06482
      6/99       30G   0.07136   0.04892   0.03974      0.16       161      1024    0.8095  0.007383  0.001866 0.0004397   0.08462   0.03873   0.06115
      7/99       30G   0.08312   0.05444   0.05007    0.1876       164      1024         0         0         0         0       nan       nan       nan
      8/99       30G   0.08583     0.056   0.04939    0.1912       166      1024 0.0001238 0.0002237 1.308e-06 1.308e-07   0.09731    0.0334    0.0532
      9/99       30G   0.08357   0.05773   0.04682    0.1881       141      1024 0.0001814  0.002524 2.389e-06 4.324e-07       nan       nan       nan
     10/99       30G   0.08363   0.05476   0.04616    0.1845       153      1024     0.602  0.001342 0.0001257 2.692e-05   0.08703     0.038   0.05373
     11/99       30G   0.08181   0.05204   0.04478    0.1786       176      1024  0.001515 0.0002237 2.839e-05 2.839e-06   0.09014   0.03685   0.05699
     12/99       30G   0.08239   0.05367    0.0447    0.1808       272      1024    0.1058    0.0214  0.001134 0.0003757   0.08696   0.03482   0.05895
     13/99       30G   0.07948   0.05349   0.04375    0.1767       215      1024  0.001672   0.02311 0.0006866  0.000195   0.08646   0.03475   0.04949
     14/99       30G   0.07801   0.05365   0.04269    0.1744       115      1024    0.3123   0.01229    0.0014 0.0002474   0.08657   0.03334    0.0484
     15/99       30G   0.07763    0.0536   0.04253    0.1738       190      1024   0.02017   0.04937   0.00712  0.001918   0.08238     0.034   0.04949
     16/99       30G   0.07691   0.05419    0.0417    0.1728       276      1024    0.2358   0.05193   0.01134  0.002255   0.08015   0.03393   0.04242
     17/99       30G   0.07618   0.05136   0.04135    0.1689       214      1024    0.3154   0.02221  0.003913 0.0007287   0.08341   0.03624   0.04699
     18/99       30G    0.0758   0.05285   0.04121    0.1699       194      1024    0.3374   0.05637  0.005803  0.000986   0.08079   0.03366   0.04606
     19/99       30G    0.0749   0.05062   0.04087    0.1664       200      1024    0.2106    0.0374  0.003119 0.0008808   0.08183   0.03457   0.05309
     20/99       30G   0.07433   0.05186   0.04122    0.1674       229      1024    0.1242    0.0331  0.004417  0.001034   0.08381   0.03122   0.04453
     21/99       30G   0.07442   0.05122     0.041    0.1666       169      1024    0.3322   0.07837   0.02281  0.005145   0.07809    0.0375   0.04301
     22/99       30G    0.0734    0.0512   0.03995    0.1646       159      1024     0.135   0.06906   0.01097   0.00259   0.08153   0.03208   0.04249
     23/99       30G   0.07345   0.05088   0.04041    0.1647       192      1024    0.2181   0.05402  0.007873   0.00168    0.0839   0.03383   0.04874
     24/99       30G   0.07307   0.05043   0.04011    0.1636       182      1024    0.0151     0.135  0.005573  0.001522   0.08156   0.03814   0.04939
     25/99       30G   0.07213   0.05057   0.04039    0.1631       210      1024    0.1208  0.009955  0.002007 0.0004087       nan       nan       nan
     26/99       30G    0.0734   0.05312   0.04108    0.1676       191      1024    0.1333   0.02199  0.003682 0.0007675   0.08771       nan     0.113
     27/99       30G   0.07282   0.05207   0.04028    0.1652       134      1024     0.322    0.0195  0.006819  0.001552   0.08053   0.03514   0.04387
     28/99       30G   0.07087   0.05086   0.03924     0.161       225      1024    0.3591   0.07671   0.02303  0.005734   0.07779   0.03038   0.04104
     29/99       30G   0.07114   0.05194   0.03912    0.1622       116      1024    0.1907   0.09571   0.03183  0.008866    0.0739   0.03097   0.04091
     30/99       30G   0.07012   0.05045   0.03917    0.1597       146      1024    0.1835     0.186   0.04943   0.01146   0.07487    0.0313   0.03918
     31/99       30G   0.07009   0.05017   0.03949    0.1598       172      1024    0.5797   0.05627   0.02976  0.008877   0.07806   0.03236   0.03884
     32/99       30G    0.0696    0.0506   0.03893    0.1591       182      1024    0.2532    0.1153   0.02389  0.006466   0.07544   0.03217   0.04027
     33/99       30G   0.06915   0.04968   0.03855    0.1574       177      1024    0.5712    0.0415   0.02046  0.006437   0.08038    0.0319   0.05151
     34/99       30G   0.06919    0.0499   0.03846    0.1575       181      1024    0.3433   0.04584     0.013  0.004053   0.07652   0.03529   0.04333
     35/99       30G   0.06955   0.04962   0.03875    0.1579       133      1024    0.1336   0.06086   0.01641  0.004173   0.07719   0.03804   0.04295
     36/99       30G   0.06885   0.04888   0.03851    0.1562       194      1024    0.2544   0.09992   0.02565  0.006513   0.07331   0.03333   0.04175
     37/99       30G   0.06823   0.04864   0.03829    0.1552       202      1024    0.1856   0.04771    0.0227  0.006806   0.07396   0.03404   0.04639
     38/99       30G   0.06789   0.04901   0.03808     0.155       223      1024     0.387   0.09043   0.04197   0.01011   0.07447   0.03152   0.03826
     39/99       30G   0.06689    0.0494   0.03761    0.1539       244      1024    0.4457   0.05818    0.0206  0.006349   0.07495   0.03438   0.04382
     40/99       30G   0.06719   0.04928   0.03774    0.1542       169      1024     0.271   0.06832   0.02553  0.006976    0.0768   0.03698   0.04662
     41/99       30G   0.06728   0.05006   0.03754    0.1549       191      1024    0.2819    0.1414   0.04491   0.01401   0.07154   0.02915   0.03733
     42/99       30G   0.06704   0.04827    0.0369    0.1522       174      1024     0.346    0.1293   0.06051   0.01551   0.06978   0.03441   0.03876
     43/99       30G   0.06696   0.04914   0.03664    0.1527       174      1024    0.3123    0.0428  0.005182  0.001388   0.08081   0.03455   0.04979
     44/99       30G   0.06626   0.04998    0.0376    0.1538       146      1024     0.319    0.1461   0.05396    0.0133   0.06882   0.03044   0.03855
     45/99       30G   0.06641   0.04823   0.03742    0.1521       153      1024     0.242   0.05432   0.01048  0.003142   0.07847   0.03665   0.04831
     46/99       30G   0.06587   0.04825   0.03744    0.1516       183      1024    0.6625   0.03927   0.02374  0.006432   0.07332   0.03872    0.0469
     47/99       30G   0.06586   0.04735   0.03664    0.1498       198      1024    0.5618   0.06407   0.02895  0.008233   0.07336   0.03824   0.04108
     48/99       30G   0.06559   0.04922   0.03645    0.1513       196      1024     0.381    0.1085     0.043   0.01322       nan       nan       nan
     49/99       30G   0.06612   0.04936   0.03667    0.1522       170      1024    0.1297   0.05532   0.01324  0.003128   0.07606   0.06058   0.08708
     50/99       30G    0.0658   0.04828   0.03644    0.1505       163      1024    0.2858    0.1494   0.05654   0.01594    0.0671   0.03133   0.03677
     51/99       30G   0.06553   0.04765   0.03676    0.1499       184      1024    0.2599    0.1094   0.02937  0.008679   0.07351   0.03556   0.04116
     52/99       30G   0.06451   0.04777   0.03672     0.149       148      1024    0.3271    0.1231   0.04958   0.01147   0.07137   0.03255   0.03948
     53/99       30G   0.06469   0.04695   0.03628    0.1479       155      1024    0.2773    0.1725   0.04931   0.01304   0.07175   0.03289    0.0383
     54/99       30G   0.06467   0.04791   0.03586    0.1484       174      1024    0.2527    0.1796   0.09081    0.0237   0.06858      0.03   0.03649
     55/99       30G   0.06533   0.04636   0.03614    0.1478       175      1024    0.7596   0.07625   0.07029   0.01977   0.06662    0.0319   0.04069
     56/99       30G   0.06431   0.04878   0.03643    0.1495       210      1024    0.2622    0.0662    0.0171  0.004676   0.07528   0.03456   0.04622
     57/99       30G   0.06419   0.04794   0.03599    0.1481       145      1024    0.2877    0.1795    0.0601   0.01555   0.06796   0.03267   0.03773
     58/99       30G   0.06365   0.04823   0.03551    0.1474       185      1024   0.06714    0.0694   0.01129  0.003001   0.07998   0.03784   0.05422
     59/99       30G   0.06417   0.04877   0.03618    0.1491       145      1024      0.47    0.1346   0.07044    0.0187   0.06781   0.05034   0.04096
     60/99       30G   0.06319   0.04832   0.03534    0.1468       201      1024    0.2551    0.1357   0.07557   0.02214   0.06665   0.03317   0.03801
     61/99       30G   0.06317    0.0471   0.03563    0.1459       146      1024    0.3505   0.09575   0.04354   0.01357   0.06959   0.03725   0.04183
     62/99       30G   0.06293   0.04801   0.03517    0.1461       183      1024    0.5089   0.05614   0.03721   0.01117   0.07168   0.03479    0.0417
     63/99       30G   0.06256   0.04747   0.03452    0.1446       191      1024     0.253    0.1846   0.02647  0.007002   0.07444   0.04795   0.04688
     64/99       30G   0.06323   0.04784   0.03537    0.1464       224      1024    0.1879    0.1095   0.04532   0.01324    0.0686   0.03145   0.03941
     65/99       30G   0.06289   0.04756   0.03496    0.1454       154      1024    0.4838   0.04909   0.02452  0.007733   0.07447   0.03836   0.04845
     66/99       30G   0.06274   0.04793   0.03478    0.1455       181      1024   0.02037   0.06894  0.004989  0.001396   0.08211   0.03653   0.06306
     67/99       30G   0.06266   0.04648   0.03507    0.1442       205      1024     0.295    0.1119   0.05187   0.01334   0.06698   0.03548   0.03974
     68/99       30G   0.06192   0.04577   0.03507    0.1428       164      1024    0.2186    0.1368   0.06332   0.01726   0.06896   0.03496    0.0391
     69/99       30G   0.06223   0.04732   0.03441     0.144       178      1024    0.2072    0.2229   0.07211   0.02251   0.06728   0.03351   0.03997
     70/99       30G   0.06135   0.04658   0.03423    0.1422       155      1024    0.2798   0.07996   0.03626   0.01077   0.07426   0.03255   0.04098
     71/99       30G   0.06209   0.04701   0.03417    0.1433       158      1024   0.07046   0.04621  0.008963  0.003226   0.07821   0.03957   0.08766
     72/99       30G   0.06124   0.04763   0.03325    0.1421       259      1024    0.3412    0.1523   0.07892   0.02206   0.06342   0.03135   0.03502
     73/99       30G   0.06236   0.04786    0.0341    0.1443       187      1024    0.2311    0.1945   0.08354   0.02199   0.06561   0.02945    0.0356
     74/99       30G   0.06066   0.04736   0.03356    0.1416       180      1024   0.07196    0.1309   0.03222  0.008845   0.07235   0.03452   0.04656
     75/99       30G   0.05961     0.046   0.03386    0.1395       147      1024    0.1121    0.2458    0.0853   0.02322   0.06346    0.0324   0.03745
     76/99       30G   0.06067   0.04625   0.03387    0.1408       186      1024    0.3053    0.2233    0.1457   0.04079   0.06137   0.02938   0.03454
     77/99       30G   0.06072   0.04553   0.03403    0.1403       146      1024   0.08764    0.1827   0.05417   0.01404   0.07315   0.03137    0.0405
     78/99       30G   0.06056   0.04627   0.03377    0.1406       201      1024   0.09491     0.105    0.0311  0.008181   0.07487   0.03411    0.0496
     79/99       30G   0.06015   0.04662   0.03315    0.1399       226      1024    0.2385    0.1392   0.06459   0.01848   0.06956   0.03484   0.03863
     80/99       30G   0.06003   0.04578   0.03416      0.14       159      1024    0.2808     0.162   0.09444   0.02532   0.06444   0.03048   0.03438
     81/99       30G   0.06006    0.0476   0.03316    0.1408       307      1024    0.3469    0.1152   0.04716   0.01355   0.07038   0.04047   0.04537
     82/99       30G   0.05962   0.04721   0.03321      0.14       214      1024    0.2638    0.1885   0.09379   0.02736   0.06525   0.03341   0.03771
     83/99       30G   0.05939   0.04456   0.03322    0.1372       167      1024   0.05846    0.1911   0.03336  0.008418   0.07134   0.03386   0.03963
     84/99       30G   0.05927   0.04633   0.03344     0.139       184      1024     0.262    0.2577     0.135   0.03892   0.05979   0.02825   0.03361
     85/99       30G   0.05962   0.04618   0.03287    0.1387       213      1024    0.1551    0.1807   0.08882   0.02644   0.06426   0.03202   0.03772
     86/99       30G   0.05874   0.04538   0.03242    0.1365       229      1024    0.1966    0.2507    0.1338   0.03799   0.06181   0.02819   0.03241
     87/99       30G    0.0585   0.04516   0.03282    0.1365       147      1024    0.2217    0.2561    0.1536   0.04684   0.06014   0.03103   0.03388
     88/99       30G   0.05828   0.04584   0.03239    0.1365       167      1024    0.2953    0.1617    0.1073   0.03352   0.06195    0.0293   0.03463
     89/99       30G   0.05868   0.04459   0.03236    0.1356       203      1024    0.3205    0.1932   0.08697   0.02426    0.0679   0.03362   0.04011
     90/99       30G   0.05889   0.04494   0.03256    0.1364       213      1024    0.2762    0.2878    0.1555   0.04793   0.06262   0.02931   0.03391
     91/99       30G   0.05854   0.04576   0.03232    0.1366       157      1024    0.3054    0.2509    0.1547   0.04716   0.06196   0.02982   0.03428
     92/99       30G   0.05826   0.04479   0.03188    0.1349       179      1024    0.2237    0.1997    0.1246    0.0349   0.06104   0.03023   0.03407
     93/99       30G   0.05834   0.04529   0.03246    0.1361       149      1024      0.29     0.261     0.149   0.04318   0.06284   0.03044   0.03472
     94/99       30G   0.05726   0.04442    0.0321    0.1338       246      1024    0.1823    0.1659   0.08659   0.02494   0.06406   0.03448    0.0364
     95/99       30G   0.05811   0.04546   0.03248    0.1361       180      1024    0.2696    0.2476    0.1653   0.05143   0.05955   0.02914   0.03278
     96/99       30G   0.05752   0.04447   0.03157    0.1336       130      1024    0.3675    0.1266   0.07378   0.02341   0.06815   0.03851   0.04104
     97/99       30G   0.05731   0.04587   0.03181     0.135       223      1024    0.2548    0.1009   0.05649   0.01815   0.06919   0.03175   0.03893
     98/99       30G   0.05771   0.04523   0.03191    0.1348       115      1024    0.2624    0.1585   0.08654   0.02536   0.07152    0.0313   0.03863
     99/99       30G   0.05736   0.04535   0.03167    0.1344       214      1024    0.0822    0.1031   0.02901  0.009236   0.07314   0.04073   0.05249
