      0/79     25.3G    0.1058   0.03267   0.03803    0.1765        54       640 0.0006935     0.165 0.0002611 5.033e-05   0.09633   0.02255   0.03689
      1/79     25.1G   0.09205   0.03052   0.03745      0.16        61       640 0.0006165    0.1488 0.0003134   4.9e-05   0.07965    0.0205   0.03538
      2/79     25.1G   0.08843   0.02761   0.03666    0.1527        60       640  0.000434    0.1488 0.0003206 5.583e-05   0.07862   0.01909    0.0343
      3/79     25.1G   0.08609   0.02723   0.03567     0.149        55       640  0.000434    0.1488 0.0002088 3.946e-05   0.07705   0.01839   0.03357
      4/79     25.1G   0.08369    0.0271   0.03453    0.1453        44       640 0.0003819     0.131 0.0001629  3.19e-05   0.07716   0.01789   0.03299
      5/79     25.1G   0.08462   0.02534   0.03396    0.1439        34       640 0.0003472     0.119 0.0002554 4.906e-05   0.07692   0.01757   0.03255
      6/79     25.1G   0.08245   0.02741   0.03392    0.1438        55       640 0.0004167    0.1429 0.0002465 5.215e-05   0.07655   0.01745   0.03222
      7/79     25.1G   0.08234   0.02663   0.03335    0.1423        64       640 0.0004167    0.1429 0.0002822 4.857e-05    0.0765   0.01727   0.03199
      8/79     25.1G   0.08109   0.02578   0.03316      0.14        44       640 0.0004688    0.1607  0.000495 8.792e-05   0.07651   0.01714   0.03183
      9/79     25.1G   0.08016    0.0259   0.03299     0.139        47       640 0.0004861    0.1667 0.0003998  6.58e-05   0.07449   0.01719   0.03163
     10/79     25.1G   0.08048    0.0267   0.03269    0.1399        51       640 0.0004861    0.1667 0.0006953 0.0001462   0.07503   0.01715   0.03148
     11/79     25.1G   0.08015   0.02588   0.03268    0.1387        48       640 0.0005035    0.1726  0.001222 0.0001659   0.07357   0.01728    0.0314
     12/79     25.1G   0.07883   0.02663   0.03242    0.1379        59       640    0.3349    0.0119  0.001109 0.0001759   0.07235   0.01736   0.03125
     13/79     25.1G   0.07575   0.02795    0.0323     0.136        52       640    0.6701   0.08333  0.001577 0.0002827   0.07037   0.01752   0.03108
     14/79     25.1G   0.07508   0.02789   0.03166    0.1346        50       640  0.006822    0.2504  0.005676 0.0008654   0.06968   0.01733   0.03095
     15/79     25.1G   0.07328   0.02814   0.03113    0.1325        51       640  0.006977    0.2288  0.004318 0.0008223   0.06781   0.01746    0.0306
     16/79     25.1G   0.07062   0.02791   0.03163    0.1302        56       640    0.4021   0.03714   0.01864  0.004736    0.0682   0.01696   0.02982
     17/79     25.1G   0.06966   0.03005   0.02951    0.1292        72       640   0.02878    0.2309   0.01887   0.00537   0.06492   0.01774   0.02833
     18/79     25.1G   0.06835    0.0283   0.02845    0.1251        49       640    0.1168    0.1498   0.05351   0.01532   0.06305   0.01668   0.02599
     19/79     25.1G   0.06745   0.02579   0.02728    0.1205        59       640    0.4606    0.1826   0.07573   0.01491   0.06373   0.01568   0.02302
     20/79     25.1G   0.06699   0.02648   0.02544    0.1189        49       640    0.1804    0.3414    0.1158   0.03282   0.06149   0.01556   0.02226
     21/79     25.1G   0.06708   0.02405   0.02312    0.1143        50       640    0.1832    0.3276    0.1279   0.03958   0.06083   0.01504   0.02051
     22/79     25.1G   0.06626   0.02451   0.02242    0.1132        52       640    0.2308    0.3541    0.1609   0.04167   0.06177   0.01454   0.01847
     23/79     25.1G   0.06502   0.02345     0.021    0.1095        50       640    0.1963    0.3355    0.1582   0.04199    0.0588   0.01456   0.01643
     24/79     25.1G   0.06336   0.02305   0.01895    0.1054        56       640    0.3313    0.2718    0.1222   0.03527   0.05921   0.01412   0.01988
     25/79     25.1G   0.06329   0.02234   0.01749    0.1031        43       640    0.3536    0.2296    0.1739   0.04376   0.05888   0.01408   0.01831
     26/79     25.1G   0.06241   0.02377   0.01687    0.1031        80       640    0.3905    0.3323    0.1914   0.05107   0.05651   0.01365   0.02053
     27/79     25.1G   0.06141   0.02122   0.01555   0.09818        55       640    0.1226    0.3137    0.1304    0.0384   0.06268   0.01474   0.02161
     28/79     25.1G   0.06054   0.02181   0.01633   0.09868        69       640    0.4467    0.2249    0.2251   0.06601   0.05721   0.01366   0.01447
     29/79     25.1G   0.06078   0.02165   0.01557   0.09801        44       640    0.3853    0.2583    0.2297   0.05894   0.05868   0.01398    0.0135
     30/79     25.1G    0.0597   0.02119   0.01463   0.09551        71       640    0.3675    0.2771    0.1727   0.05908   0.06001    0.0141    0.0183
     31/79     25.1G   0.05841   0.02044   0.01536    0.0942        53       640    0.5269    0.2497    0.2141   0.05888   0.05779   0.01439   0.01516
     32/79     25.1G   0.05792   0.02045    0.0128   0.09117        64       640    0.2812    0.1727    0.1343   0.02575   0.06217   0.01263   0.01736
     33/79     25.1G   0.05816   0.02045   0.01336   0.09197        56       640    0.3215    0.2062    0.1545    0.0267   0.06328   0.01377   0.01689
     34/79     25.1G   0.05697   0.01925   0.01247   0.08869        47       640    0.2017    0.3566    0.1902   0.05437   0.05781   0.01295   0.01476
     35/79     25.1G   0.05714   0.01927   0.01213   0.08854        63       640    0.2297    0.3518    0.1696   0.04368   0.06142   0.01266   0.01498
     36/79     25.1G   0.05796   0.02017   0.01334   0.09146        79       640    0.2754    0.2984    0.1799   0.06208   0.06025   0.01385   0.01638
     37/79     25.1G   0.05518   0.01997   0.01197   0.08712        49       640    0.3124    0.1444   0.08372   0.02169   0.06287   0.01497   0.02016
     38/79     25.1G   0.05509   0.01974   0.01201   0.08685        49       640    0.4717    0.2539    0.2174    0.0576   0.05618   0.01246   0.01413
     39/79     25.1G    0.0546   0.01942   0.01058   0.08461        63       640    0.5129    0.2512    0.2804   0.08617   0.05455   0.01221   0.01329
     40/79     25.1G   0.05405   0.01864   0.01078   0.08347        61       640    0.4967    0.3414    0.2999   0.08859   0.05577   0.01249   0.01186
     41/79     25.1G    0.0538   0.01949   0.01062   0.08391        51       640    0.4891    0.3357    0.3022   0.08524   0.05539   0.01301   0.01373
     42/79     25.1G   0.05295   0.01852   0.01009   0.08156        60       640    0.3391    0.2508    0.1968   0.05509   0.05769   0.01307    0.0152
     43/79     25.1G   0.05168   0.01863   0.01007   0.08038        44       640    0.2929     0.166   0.09043   0.02198   0.06151   0.01372   0.02751
     44/79     25.1G   0.05142   0.01826   0.01048   0.08017        60       640    0.3607    0.2947    0.2318   0.07529   0.05773   0.01294   0.01495
     45/79     25.1G   0.05093   0.01762  0.009381   0.07793        47       640    0.4083    0.2888    0.2713   0.07644   0.05507   0.01253   0.01507
     46/79     25.1G   0.05136   0.01781  0.009215   0.07838        42       640    0.2596    0.3389    0.2196   0.06513   0.05555   0.01233   0.01365
     47/79     25.1G   0.05132   0.01674   0.00954    0.0776        47       640    0.3547    0.2943     0.231   0.06702   0.05469   0.01346   0.01484
     48/79     25.1G   0.04913   0.01796   0.01016   0.07725        57       640    0.3868     0.331    0.2274   0.08282     0.059   0.01292   0.01336
     49/79     25.1G   0.04948   0.01838  0.009258   0.07712        53       640     0.333     0.286    0.2275   0.06564   0.05408   0.01247    0.0114
     50/79     25.1G   0.04917   0.01857  0.009337   0.07708        72       640    0.2638    0.2466    0.1928   0.05854   0.05837   0.01243   0.01533
     51/79     25.1G   0.04787     0.017  0.008408   0.07328        70       640    0.3737    0.3567    0.2877   0.08371   0.05472   0.01268   0.01223
     52/79     25.1G    0.0477   0.01738  0.008385   0.07347        50       640    0.1936     0.238    0.1334   0.03846   0.05847   0.01294    0.0174
     53/79     25.1G   0.04714   0.01707  0.008052   0.07227        70       640    0.3804    0.2848    0.2081   0.06294   0.05654   0.01253   0.01191
     54/79     25.1G   0.04761   0.01673  0.008111   0.07246        44       640    0.4165    0.2913    0.2412   0.08555   0.05716   0.01288   0.01225
     55/79     25.1G   0.04877   0.01672  0.007864   0.07335        44       640    0.4702    0.2187    0.2431   0.07801   0.05569   0.01193   0.01616
     56/79     25.1G   0.05075   0.01676  0.008131   0.07563        51       640    0.3478    0.2635    0.2396   0.07499   0.05541   0.01191   0.01539
     57/79     25.1G   0.05082    0.0156  0.008288    0.0747        50       640    0.7666    0.2235    0.2979   0.08227   0.05591   0.01281   0.01814
     58/79     25.1G   0.05085   0.01731  0.007998   0.07615        52       640    0.4742      0.24    0.2501   0.08486   0.05611   0.01305   0.01333
     59/79     25.1G   0.04664   0.01616   0.00838   0.07118        60       640    0.4401    0.2027    0.1961   0.06413   0.05628   0.01389    0.0169
     60/79     25.1G   0.04728   0.01572  0.008168   0.07116        52       640    0.4517    0.2236    0.2248   0.07702   0.05835   0.01277    0.0182
     61/79     25.1G   0.04578   0.01649  0.007307   0.06958        59       640    0.4079     0.292    0.2911   0.09716   0.05668     0.012   0.01554
     62/79     25.1G   0.04759   0.01629  0.007203   0.07107        47       640    0.4318    0.1754    0.1682   0.05361   0.06018   0.01419   0.02207
     63/79     25.1G   0.04642   0.01517  0.008543   0.07014        49       640    0.1475    0.1239   0.05502   0.01579   0.06847   0.01521   0.02395
     64/79     25.1G    0.0454     0.016  0.008312   0.06971        63       640    0.4219    0.1302   0.09979   0.03763   0.06667   0.01355   0.01929
     65/79     25.1G   0.04465   0.01604   0.00727   0.06797        48       640    0.3119    0.1852    0.1419   0.05792   0.06776   0.01229   0.01844
     66/79     25.1G   0.04505    0.0166  0.006826   0.06847        49       640    0.3978    0.1861    0.1546   0.05157    0.0616   0.01243    0.0166
     67/79     25.1G   0.04241   0.01536  0.007097   0.06486        67       640    0.5289    0.2538    0.2722   0.09138    0.0561    0.0126    0.0146
     68/79     25.1G   0.04456   0.01588  0.007698   0.06814        59       640    0.3588    0.2982    0.2386   0.08826    0.0547   0.01279   0.01523
     69/79     25.1G   0.04387   0.01504  0.006351   0.06526        52       640    0.3779    0.3157    0.2575    0.0882    0.0554   0.01266   0.01261
     70/79     25.1G   0.04109   0.01542  0.007202   0.06371        40       640    0.3037    0.2283    0.1657   0.05147   0.05726   0.01307    0.0156
     71/79     25.1G   0.04102   0.01568   0.00795   0.06465        59       640    0.2675    0.2616     0.178   0.05392   0.05671   0.01369   0.01528
     72/79     25.1G   0.03952   0.01511  0.007193   0.06182        58       640    0.4484    0.3041    0.2895    0.0755   0.05395   0.01291   0.01342
     73/79     25.1G   0.03916   0.01474   0.00713   0.06103        54       640    0.2894    0.3562    0.2238   0.07617   0.05498   0.01305   0.01338
     74/79     25.1G   0.04002   0.01559   0.00656   0.06218        65       640    0.4866    0.2285    0.2227   0.07393   0.05693   0.01317   0.01677
     75/79     25.1G   0.04043   0.01506  0.005721   0.06121        52       640    0.5826      0.31    0.2867    0.1095   0.05246   0.01291   0.01365
     76/79     25.1G   0.03865   0.01435  0.006229   0.05923        43       640    0.5135    0.2429    0.2601    0.1034   0.05375   0.01274    0.0147
     77/79     25.1G   0.03856   0.01419  0.006302   0.05906        61       640    0.3982    0.2923     0.264    0.1058   0.05362    0.0132   0.01738
     78/79     25.1G   0.03924   0.01424  0.007703   0.06119        47       640    0.2514    0.3357    0.2356   0.09809   0.05535   0.01256   0.01461
     79/79     25.1G   0.03837   0.01358  0.006216   0.05817        56       640    0.3834    0.3511    0.2661   0.09337   0.05456   0.01197   0.01391
