     0/199     15.1G   0.08773   0.04629   0.02984    0.1639        74       512    0.5043   0.01504 0.0008725 0.0001554   0.08714    0.0336   0.04614
     1/199     18.1G   0.06618   0.03943  0.007302    0.1129        50       512    0.1967    0.2969    0.1313   0.03019   0.07461   0.03512  0.007173
     2/199     18.1G   0.05926   0.03654  0.005382    0.1012        58       512    0.1987    0.2403    0.1632   0.04683   0.07633   0.03661  0.008319
     3/199     18.1G    0.0571   0.03549  0.005172   0.09776        57       512    0.6508    0.1628    0.1126   0.03446   0.07886   0.04781   0.03424
     4/199     18.1G   0.05574   0.03503   0.00471   0.09548        36       512   0.06579   0.04656    0.0158  0.005008   0.09646   0.03324    0.1104
     5/199     18.1G   0.05521   0.03398  0.004862   0.09406        61       512    0.2658    0.1718    0.1389   0.03084   0.07944   0.03776  0.006924
     6/199     18.1G   0.05542   0.03463  0.004759   0.09481        57       512     0.237     0.234    0.1913   0.07348   0.06503   0.02875  0.009334
     7/199     18.1G   0.05336   0.03402  0.004187   0.09157        67       512    0.6382    0.1807     0.204   0.07132   0.06643   0.02694  0.007313
     8/199     18.1G   0.05404   0.03355  0.004509   0.09209        36       512    0.5185    0.1516    0.1206   0.03717   0.08158   0.03042   0.02087
     9/199     18.1G   0.05434   0.03486  0.005039   0.09424        47       512         0         0         0         0       nan       nan       nan
    10/199     18.1G   0.07348   0.04744   0.02121    0.1421        47       512         0         0         0         0       nan       nan       nan
    11/199     18.1G   0.06753   0.04363   0.01016    0.1213        58       512  0.003063   0.01137  0.000398 7.323e-05   0.09139   0.04443   0.07391
    12/199     18.1G   0.06366   0.04075  0.007764    0.1122        53       512    0.1276    0.1514   0.05326   0.01718   0.07446   0.04018   0.02913
    13/199     18.1G   0.06117   0.03928  0.007007    0.1075        56       512   0.08838    0.2419   0.05496   0.02004   0.07536    0.0387   0.02373
    14/199     18.1G   0.06045   0.03872   0.00664    0.1058        68       512    0.4822      0.25    0.2285   0.09218   0.07085   0.03575   0.01163
    15/199     18.1G   0.05957   0.03875    0.0065    0.1048        40       512   0.02083    0.0414   0.00326  0.001004   0.09035    0.3628   0.09876
    16/199     18.1G   0.06412   0.04072   0.00849    0.1133        61       512 2.887e-05  0.001887 2.957e-07 3.906e-08    0.1046   0.03388    0.1812
    17/199     18.1G   0.06017   0.03928  0.007004    0.1065        38       512    0.0907    0.1732   0.07457   0.02433   0.07337   0.04003   0.02114
    18/199     18.1G   0.05832   0.03862   0.00625    0.1032        61       512    0.3981    0.1423   0.09914   0.03587   0.07357   0.03595   0.01944
    19/199     18.1G   0.05728   0.03766  0.005755    0.1007        34       512    0.2886    0.2869    0.2301   0.08549   0.06544    0.0273  0.006185
    20/199     18.1G   0.05745   0.03723  0.005397    0.1001        50       512    0.3216    0.2596    0.2439   0.09264   0.06274   0.02828    0.0048
    21/199     18.1G   0.05946   0.03859  0.006362    0.1044        50       512     0.318     0.134    0.1302   0.03404   0.07248   0.03978   0.02085
    22/199     18.1G   0.05954    0.0389  0.006105    0.1045        48       512    0.2535  0.004691 0.0003815 6.896e-05   0.09191   0.04109   0.05925
    23/199     18.1G   0.05698    0.0373  0.005682   0.09997        60       512     0.403    0.1951    0.1902   0.07242   0.06723   0.03373  0.007671
    24/199     18.1G   0.05608   0.03605  0.005312   0.09745        61       512    0.3763    0.1786   0.08797   0.03441   0.07172   0.03943    0.0222
    25/199     18.1G   0.05605   0.03679  0.005399   0.09824        45       512    0.3022    0.2425    0.1847   0.06836   0.06712   0.03521   0.01003
    26/199     18.1G   0.05628    0.0358  0.005606   0.09769        57       512    0.3824    0.2395    0.2034   0.07526   0.06468   0.02788  0.006276
    27/199     18.1G   0.05565   0.03646  0.005221   0.09733        33       512    0.3853    0.3697    0.3412    0.1485   0.05539   0.02432  0.004226
    28/199     18.1G   0.05538   0.03574  0.005156   0.09627        45       512    0.3861    0.3257    0.3093    0.1318   0.05693   0.02566  0.004746
    29/199     18.1G   0.05539   0.03641  0.005106   0.09691        62       512    0.2266    0.2244    0.1539   0.04595    0.0694   0.03021   0.01307
    30/199     18.1G    0.0568   0.03709  0.006068   0.09996        80       512    0.0689   0.00811  0.003252  0.001686       nan       nan       nan
    31/199     18.1G     0.056   0.03678  0.006392   0.09916        65       512     0.177    0.1196   0.08789   0.03806   0.06714   0.04023   0.02054
    32/199     18.1G   0.05579   0.03677  0.005577   0.09814        44       512    0.3512    0.2658    0.2434   0.09982   0.06077   0.03095   0.00919
    33/199     18.1G   0.05472   0.03581  0.005153   0.09569        74       512     0.327    0.3241    0.2582    0.1009   0.06041   0.03366  0.006563
    34/199     18.1G   0.05481   0.03602  0.006009   0.09683        62       512   0.03255   0.03424  0.002369 0.0007373   0.08759       nan   0.08944
    35/199     18.1G   0.05718   0.03785  0.006057    0.1011        51       512    0.1742    0.1642    0.1128   0.04187   0.07238   0.03619   0.02064
    36/199     18.1G   0.05538   0.03652  0.005531   0.09742        44       512     0.346    0.2554    0.2237   0.08658   0.06049   0.03296  0.009455
    37/199     18.1G   0.05439   0.03506  0.005341   0.09479        34       512      0.29    0.3334    0.2076   0.07445   0.06235   0.03416  0.009999
    38/199     18.1G    0.0542   0.03606  0.005027   0.09529        47       512    0.3349    0.3742    0.2976    0.1208   0.05658   0.02906  0.005744
    39/199     18.1G   0.05386     0.035  0.004827   0.09368        26       512    0.3209    0.2238    0.1865   0.07353   0.06206   0.03224  0.007573
    40/199     18.1G   0.05371   0.03595  0.004803   0.09446        58       512    0.1433    0.4088    0.1656   0.07944       nan       nan       nan
    41/199     18.1G   0.05453   0.03612   0.00529   0.09594        54       512    0.2784    0.2262    0.1813   0.06202   0.06873   0.03634   0.01432
    42/199     18.1G    0.0536   0.03532  0.005034   0.09396        37       512    0.3965    0.3111    0.3192    0.1312   0.05656   0.02585  0.005249
    43/199     18.1G   0.05337   0.03618  0.004847   0.09439        94       512    0.1466    0.1315   0.07261   0.02805    0.0741   0.03946   0.02677
    44/199     18.1G   0.05369   0.03481   0.00493   0.09343        28       512    0.2334    0.2959    0.1949   0.07176   0.06408   0.03397   0.01135
    45/199     18.1G   0.05267   0.03527   0.00504   0.09297        58       512    0.2581    0.1515     0.125   0.04683   0.06762   0.03916   0.01341
    46/199     18.1G   0.05395   0.03543  0.004783   0.09417        34       512    0.3508    0.2871    0.2601    0.1008   0.05864   0.02563  0.005592
    47/199     18.1G   0.05308   0.03476   0.00469   0.09253        21       512    0.1192    0.1645   0.06382   0.01951     0.089     3.343     1.135
    48/199     18.1G   0.05268   0.03571  0.004704   0.09309        73       512    0.3429    0.2316    0.1964   0.06685   0.06293   0.03269   0.01251
    49/199     18.1G   0.05357   0.03524  0.004991   0.09379        41       512    0.3482    0.3733    0.3305    0.1452   0.05382   0.02397   0.00515
    50/199     18.1G   0.05325   0.03474   0.00465   0.09264        47       512    0.3383    0.3098    0.2506   0.09628   0.05971   0.03183  0.006138
    51/199     18.1G   0.05325   0.03495  0.004922   0.09312        52       512    0.3724    0.3682    0.3493    0.1505    0.0534   0.02468  0.004207
    52/199     18.1G   0.05329   0.03509  0.004896   0.09328        37       512    0.3872    0.3144    0.3041    0.1261       nan       nan       nan
    53/199     18.1G   0.05315    0.0355   0.00484    0.0935        52       512    0.3165    0.2982    0.2749      0.11    0.0578   0.02879   0.00469
    54/199     18.1G    0.0529   0.03437   0.00458   0.09185        35       512    0.3546    0.3052    0.2682    0.1001   0.05847    0.0299  0.005921
    55/199     18.1G   0.05298   0.03501  0.004836   0.09283        19       512    0.1511    0.2342   0.09148    0.0336   0.07249   0.04112   0.02215
    56/199     18.1G   0.05344   0.03485   0.00493   0.09322        39       512    0.4385    0.3642    0.3697    0.1582   0.05209   0.02445  0.003981
    57/199     18.1G   0.05241    0.0347  0.004996    0.0921        41       512    0.2406    0.2962     0.196   0.08848       nan       nan       nan
    58/199     18.1G   0.05295   0.03464  0.004647   0.09224        47       512    0.4261    0.2932      0.29    0.1233   0.05507   0.02827  0.006904
    59/199     18.1G    0.0529    0.0353  0.004798     0.093        66       512    0.3631    0.3121     0.301    0.1272   0.05615   0.02573  0.005017
    60/199     18.1G   0.05251   0.03422  0.004702   0.09143        67       512    0.3643    0.2936    0.2781    0.1254   0.05527   0.02872  0.006077
    61/199     18.1G   0.05208   0.03523  0.004902   0.09221        60       512    0.4166     0.141    0.1531   0.06177   0.06899   0.03143   0.02091
    62/199     18.1G   0.05201   0.03474  0.004978   0.09173        37       512    0.3093    0.2797    0.2214   0.07499   0.06191   0.03081  0.007525
    63/199     18.1G   0.05188    0.0348  0.004782   0.09147        71       512    0.3623     0.319    0.2923    0.1124   0.05942    0.0294  0.007103
    64/199     18.1G   0.05274   0.03493  0.004939    0.0926        64       512    0.3987    0.3602    0.3587    0.1648    0.0516   0.02426  0.003811
    65/199     18.1G   0.05213   0.03472  0.005187   0.09204        35       512    0.4429     0.322    0.3378    0.1471   0.05436   0.02171  0.004047
    66/199     18.1G   0.05272   0.03499   0.00497   0.09269        81       512    0.3745    0.3658    0.3178    0.1342   0.05958   0.02454   0.02951
    67/199     18.1G   0.05232   0.03541  0.004786   0.09251        71       512         0         0         0         0    0.1076     2.899    0.2645
    68/199     18.1G   0.05177   0.03509  0.004402   0.09126        52       512    0.2202    0.3569    0.1155   0.04524   0.06932     0.038   0.02061
    69/199     18.1G   0.05176   0.03491  0.004659   0.09133        77       512    0.3957    0.3861    0.3556    0.1524   0.05245   0.02452  0.004121
    70/199     18.1G   0.05173   0.03467  0.004542   0.09095        47       512    0.3648    0.3635    0.3299    0.1477   0.05389   0.02613  0.004482
    71/199     18.1G    0.0517   0.03424  0.004806   0.09074        75       512    0.3398    0.3335    0.3026    0.1333   0.05588   0.02602  0.006956
    72/199     18.1G   0.05254    0.0352   0.00462   0.09235        60       512    0.4473    0.3186    0.3487    0.1576   0.05265   0.02499   0.00452
    73/199     18.1G   0.05193   0.03508   0.00492   0.09193        51       512     0.467     0.018  0.008134   0.00253   0.08751   0.04776   0.05318
    74/199     18.1G   0.05183    0.0345  0.004797   0.09113        54       512    0.3681    0.3445     0.324    0.1424   0.05394   0.02613  0.004777
    75/199     18.1G   0.05108   0.03396  0.004532   0.08957        39       512    0.4312    0.2893    0.2639    0.1015   0.05922   0.02888  0.006885
    76/199     18.1G   0.05101   0.03403  0.004444   0.08948        25       512    0.4398    0.3423    0.3636    0.1567   0.05464   0.02256  0.006206
    77/199     18.1G   0.05165    0.0346  0.004667   0.09092        41       512    0.3917    0.3673    0.3502    0.1587   0.05239   0.02399  0.004571
    78/199     18.1G   0.05129   0.03437  0.004857   0.09051        38       512    0.3891    0.2898    0.2774    0.1191   0.05749   0.02827  0.007442
    79/199     18.1G   0.05157   0.03456  0.004682   0.09081        46       512    0.3912    0.3248    0.3051    0.1392   0.05329   0.02499  0.005325
    80/199     18.1G   0.05141    0.0347  0.004668   0.09078        51       512     0.391    0.3456    0.3188    0.1378   0.05342   0.02478  0.004129
    81/199     18.1G   0.05162   0.03534  0.004613   0.09158        80       512    0.4661    0.3012    0.3754    0.1716   0.05072   0.02275  0.004612
    82/199     18.1G   0.05121   0.03407   0.00479   0.09008        37       512    0.3742     0.327    0.3093    0.1384   0.05264   0.02415  0.005226
    83/199     18.1G   0.05147   0.03416  0.004889   0.09052        23       512     0.392    0.3717    0.3501    0.1531   0.05226   0.02267  0.004342
    84/199     18.1G   0.05172   0.03449  0.004891    0.0911        62       512    0.4609    0.3212    0.3221    0.1419   0.05377   0.02594  0.005901
    85/199     18.1G   0.05163     0.035  0.004573   0.09121        58       512    0.4772     0.308    0.3207    0.1288   0.05637   0.02691   0.00554
    86/199     18.1G   0.05095   0.03484  0.004658   0.09045        72       512    0.3821    0.3067    0.2694    0.1084   0.05853   0.02683  0.009057
    87/199     18.1G    0.0507   0.03481  0.004677   0.09019        66       512    0.4326    0.2351    0.2396   0.09097   0.05889   0.03179  0.007304
    88/199     18.1G    0.0511   0.03438  0.004558   0.09004        64       512    0.4066    0.3589    0.3428    0.1446   0.05165   0.02384  0.004374
    89/199     18.1G   0.05143   0.03491  0.004965   0.09131        26       512    0.4494    0.3562    0.3734    0.1669   0.05044   0.02486  0.003684
    90/199     18.1G   0.05117   0.03386  0.004529   0.08956        40       512    0.3125    0.2961    0.2503   0.08818   0.05993   0.02819  0.006997
    91/199     18.1G   0.05084   0.03401  0.004716   0.08957        45       512    0.3672    0.3506    0.3013    0.1329   0.05396   0.02828  0.005063
    92/199     18.1G   0.05082   0.03446  0.004831   0.09011        66       512    0.3755    0.4199    0.3789    0.1706   0.05012   0.02254  0.003721
    93/199     18.1G   0.05138   0.03544  0.004681   0.09149        81       512    0.4148    0.3217    0.2967     0.129   0.05388   0.03168  0.005479
    94/199     18.1G   0.05048   0.03369  0.004489   0.08866        46       512    0.4144    0.3835    0.3712    0.1711   0.04951   0.02296   0.00365
    95/199     18.1G   0.05075   0.03373   0.00453   0.08901        52       512    0.4594    0.1616    0.1099    0.0385   0.07057   0.04114   0.01797
    96/199     18.1G   0.05091   0.03474  0.004667   0.09033        57       512     0.357    0.3906    0.3509    0.1612   0.05075    0.0234  0.004119
    97/199     18.1G   0.05054   0.03401  0.004517   0.08906        45       512    0.4676    0.3429    0.3752    0.1667   0.05131   0.02333  0.003758
    98/199     18.1G   0.05065   0.03447  0.004512   0.08964        49       512    0.3447    0.3501    0.2882    0.1239   0.05389   0.02495  0.006804
    99/199     18.1G   0.05045   0.03439  0.004322   0.08916        55       512    0.4326    0.3324    0.3398    0.1566   0.05114   0.02314   0.00419
   100/199     18.1G   0.05067   0.03397    0.0044   0.08904        31       512    0.4268   0.04785   0.01582  0.004608   0.08015   0.04961   0.03519
   101/199     18.1G   0.05021   0.03441  0.004374     0.089        65       512    0.4367    0.3112    0.3258    0.1428   0.05283   0.02441  0.004453
   102/199     18.1G   0.05088   0.03433  0.004592   0.08979        56       512    0.4178    0.3059    0.3026    0.1316   0.05389   0.02535  0.004204
   103/199     18.1G   0.05095   0.03477  0.004686   0.09041        57       512    0.4373    0.3514    0.3444    0.1507   0.05169   0.02481  0.005279
   104/199     18.1G   0.05024   0.03405  0.004671   0.08896        44       512    0.4367    0.3824    0.3897    0.1755   0.04895   0.02196  0.003743
   105/199     18.1G   0.05029    0.0339  0.004449   0.08863        42       512    0.4094    0.4171    0.3936    0.1795    0.0488   0.02218  0.003499
   106/199     18.1G   0.05005   0.03373  0.004407   0.08819        47       512    0.4808    0.3208    0.3791    0.1709   0.04951   0.02261   0.00362
   107/199     18.1G     0.051   0.03427  0.004761   0.09003        38       512    0.4192    0.2928    0.2926    0.1117    0.0569   0.02966  0.004813
   108/199     18.1G   0.05006   0.03377  0.004475    0.0883        74       512    0.4243    0.3713    0.3692     0.167   0.05002   0.02281  0.003652
   109/199     18.1G   0.05009   0.03385  0.004255    0.0882        61       512    0.3964    0.3426    0.3025    0.1271   0.05274   0.02702  0.005336
   110/199     18.1G   0.04932    0.0339  0.004478   0.08769        40       512    0.4723    0.3306    0.3738    0.1726   0.05059   0.02237  0.003426
   111/199     18.1G   0.05003   0.03421  0.004511   0.08875        46       512     0.462    0.3523    0.3605    0.1584   0.05043   0.02608  0.003855
   112/199     18.1G   0.04948   0.03424  0.004362   0.08809        61       512    0.3733    0.3886    0.3629    0.1633   0.04983   0.02369   0.00358
   113/199     18.1G   0.05026   0.03449  0.004458   0.08921        49       512    0.4385    0.3622    0.3768    0.1676   0.04991   0.02264  0.003647
   114/199     18.1G   0.04941   0.03357  0.004249   0.08723        57       512    0.4293    0.3881    0.3932    0.1802   0.04911   0.02189  0.003216
   115/199     18.1G   0.05014   0.03409  0.004341   0.08857        60       512    0.4423    0.3125    0.3222    0.1406   0.05268   0.02851  0.004884
   116/199     18.1G      0.05   0.03368  0.004146   0.08782        44       512      0.41    0.3483    0.3331    0.1447   0.05253   0.02548  0.004281
   117/199     18.1G   0.04929    0.0345  0.004328   0.08812        47       512    0.4656    0.3586    0.3914    0.1805   0.04829    0.0213   0.00318
   118/199     18.1G   0.04928   0.03333  0.004327   0.08695        39       512    0.4697    0.3875    0.4038    0.1857   0.04814   0.02223  0.003215
   119/199     18.1G    0.0494   0.03319  0.004494   0.08709        34       512    0.4131    0.3682    0.3666     0.165   0.04972   0.02306    0.0036
   120/199     18.1G   0.04976   0.03377  0.004135   0.08767        48       512    0.3543    0.3868    0.3131     0.119   0.05581   0.02511  0.005647
   121/199     18.1G   0.04975   0.03451  0.004308   0.08858        68       512    0.4554    0.3638    0.3941    0.1777   0.04878   0.02182  0.003467
   122/199     18.1G    0.0491   0.03354  0.004082   0.08672        39       512    0.4925    0.3557    0.3712    0.1616   0.05125   0.02439  0.003615
   123/199     18.1G   0.04888   0.03346  0.004182   0.08653        46       512    0.4442    0.4071    0.3937    0.1756   0.04893   0.02409  0.003668
   124/199     18.1G   0.04941   0.03329  0.004323   0.08702        19       512    0.4852    0.3721    0.3996    0.1819   0.04859    0.0226  0.003349
   125/199     18.1G   0.04947   0.03382  0.004257   0.08755        38       512    0.4596    0.3582    0.4001    0.1837   0.04798   0.02112  0.003322
   126/199     18.1G   0.04903   0.03413   0.00428   0.08745        81       512    0.4913    0.3659    0.3949    0.1785   0.04873   0.02282  0.003465
   127/199     18.1G   0.04871   0.03363  0.004296   0.08663        54       512    0.4945    0.3623    0.4117    0.1876   0.04748   0.02171  0.003406
   128/199     18.1G   0.04923   0.03432  0.004279   0.08783        65       512     0.446    0.3663    0.3599     0.156   0.05106    0.0257  0.004641
   129/199     18.1G   0.04849   0.03311   0.00369   0.08529        45       512    0.3759     0.376    0.3549    0.1566   0.05062   0.02536  0.003831
   130/199     18.1G   0.04903   0.03342  0.004245    0.0867        28       512    0.3824    0.4472    0.3937    0.1779   0.04823   0.02213  0.003235
   131/199     18.1G   0.04842    0.0332   0.00421   0.08584        46       512    0.4768     0.375    0.4209    0.1934   0.04727   0.02149  0.003154
   132/199     18.1G   0.04829   0.03296  0.004181   0.08543        61       512    0.4366    0.4168    0.4237    0.1963   0.04682    0.0209   0.00289
   133/199     18.1G   0.04871    0.0329  0.004156   0.08576        43       512    0.4812    0.3834    0.3825      0.17   0.04928    0.0255  0.003695
   134/199     18.1G   0.04842   0.03325  0.004283   0.08595        58       512    0.5251    0.3434    0.4222    0.1947   0.04678   0.02101  0.003044
   135/199     18.1G   0.04834   0.03367  0.004054   0.08607        53       512    0.4821    0.3794    0.3965    0.1787   0.04803   0.02302  0.003415
   136/199     18.1G   0.04858   0.03325  0.003857   0.08569        48       512    0.5408     0.346    0.4301    0.1977   0.04692   0.02093  0.003092
   137/199     18.1G   0.04873   0.03322  0.004262   0.08622        48       512    0.4829    0.3779    0.4232    0.1944   0.04718   0.02084  0.002988
   138/199     18.1G   0.04806   0.03288   0.00416    0.0851        67       512    0.4569    0.3988    0.4243    0.1961   0.04679   0.02086  0.003017
   139/199     18.1G   0.04852   0.03366  0.003939   0.08612        33       512    0.4614    0.3801    0.4123    0.1932   0.04709   0.02105  0.002955
   140/199     18.1G   0.04868   0.03346   0.00397   0.08611        51       512    0.5011    0.3792    0.4262    0.1966   0.04689    0.0213  0.002974
   141/199     18.1G   0.04858   0.03305  0.004064   0.08569        49       512    0.4386    0.4123    0.4232     0.196   0.04663   0.02088  0.003065
   142/199     18.1G   0.04824   0.03372  0.003993   0.08595        72       512    0.4916    0.3515    0.4229    0.1952   0.04683   0.02085  0.003044
   143/199     18.1G   0.04813   0.03259   0.00399   0.08472        34       512    0.4934    0.3527    0.4046    0.1872   0.04745   0.02128  0.003085
   144/199     18.1G   0.04823    0.0331  0.004002   0.08533        56       512    0.5328    0.3665    0.4336    0.2001   0.04667    0.0214   0.00314
   145/199     18.1G   0.04801   0.03317  0.004148   0.08533        62       512    0.4839    0.3693    0.4189    0.1901   0.04675   0.02092  0.003048
   146/199     18.1G   0.04765   0.03333  0.003999   0.08498        58       512    0.4614    0.3978    0.4132    0.1918    0.0469   0.02215  0.003122
   147/199     18.1G   0.04782   0.03321  0.003843   0.08487        58       512    0.4562    0.3846    0.4179    0.1939   0.04676   0.02107   0.00296
   148/199     18.1G   0.04762   0.03259   0.00381   0.08402        35       512    0.5055    0.3638    0.4162    0.1874   0.04759   0.02214  0.003324
   149/199     18.1G   0.04794   0.03283  0.003631    0.0844        43       512     0.518    0.3594    0.4377    0.2027   0.04612   0.02032  0.002831
   150/199     18.1G   0.04754   0.03295  0.003698   0.08419        65       512     0.462    0.3809    0.4197    0.1928   0.04666   0.02086  0.002974
   151/199     18.1G   0.04723   0.03253  0.003656   0.08341        52       512    0.5202    0.3578    0.4317    0.2009   0.04628   0.02041  0.002896
   152/199     18.1G   0.04757    0.0324  0.003531   0.08349        47       512    0.5783     0.333    0.4283    0.1984   0.04654   0.02051   0.00293
   153/199     18.1G     0.047   0.03284  0.003599   0.08344        27       512    0.5219    0.3764    0.4379     0.201   0.04636   0.02077  0.003002
   154/199     18.1G   0.04703   0.03212  0.003512   0.08266        51       512    0.4145     0.427    0.4093    0.1891   0.04685   0.02179    0.0033
   155/199     18.1G   0.04704   0.03241  0.004038   0.08349        45       512    0.4348    0.4269    0.4221    0.1942   0.04694   0.02064  0.002982
   156/199     18.1G   0.04749   0.03308  0.003723   0.08428        69       512    0.4226    0.4068    0.4039    0.1888   0.04695    0.0217  0.003286
   157/199     18.1G   0.04756   0.03237  0.003816   0.08374        68       512    0.5054    0.3824    0.4374    0.2014   0.04645   0.02093  0.002958
   158/199     18.1G   0.04696   0.03199   0.00368   0.08263        36       512    0.5257    0.3749    0.4483    0.2074   0.04581   0.02023  0.002856
   159/199     18.1G   0.04735    0.0328  0.004017   0.08417        51       512    0.5106    0.3988    0.4432    0.2072   0.04587   0.02035  0.002911
   160/199     18.1G   0.04688   0.03215  0.003646   0.08268        45       512    0.4996    0.3658    0.4272    0.1978   0.04612   0.02075  0.003023
   161/199     18.1G   0.04685    0.0324   0.00365   0.08289        54       512    0.5618    0.3509    0.4411    0.2026   0.04611   0.02127   0.00294
   162/199     18.1G   0.04688   0.03267  0.003612   0.08317        80       512    0.4746    0.4132    0.4362    0.1994   0.04601   0.02058  0.002924
   163/199     18.1G   0.04661   0.03231  0.003708   0.08263        56       512    0.4675    0.4156    0.4369    0.2018   0.04578   0.02044  0.002818
   164/199     18.1G   0.04665   0.03286   0.00364   0.08316        80       512    0.5408    0.3584    0.4477    0.2063   0.04556   0.02006  0.002749
   165/199     18.1G   0.04618   0.03245  0.003592   0.08222        71       512     0.496    0.3857    0.4302     0.199   0.04592   0.02054  0.002844
   166/199     18.1G   0.04663   0.03219  0.003595   0.08242        75       512    0.4877    0.4114    0.4426    0.2051    0.0456   0.02021    0.0028
   167/199     18.1G   0.04665   0.03256  0.003679   0.08289        73       512    0.4808    0.4138     0.445    0.2048    0.0458   0.02048   0.00281
   168/199     18.1G   0.04647    0.0324  0.003596   0.08247        55       512    0.5066    0.3863    0.4438    0.2071   0.04556   0.02016  0.002728
   169/199     18.1G   0.04691   0.03285  0.003687   0.08345        78       512    0.5377    0.3552    0.4321    0.2004   0.04596   0.02009  0.002771
   170/199     18.1G   0.04667   0.03233  0.003653   0.08265        51       512    0.5333    0.3625    0.4399    0.2046   0.04581   0.02005  0.002729
   171/199     18.1G   0.04623   0.03217  0.003588   0.08199        60       512    0.4797    0.3958    0.4384    0.2029   0.04577   0.02043  0.002743
   172/199     18.1G   0.04642   0.03185  0.003567   0.08184        33       512    0.5146    0.3757    0.4471     0.205   0.04563   0.02022  0.002752
   173/199     18.1G   0.04621   0.03215  0.003611   0.08197        59       512    0.5041    0.3855    0.4438    0.2043   0.04567   0.02029  0.002782
   174/199     18.1G   0.04611   0.03245  0.003577   0.08213        66       512    0.4487    0.4244    0.4308       0.2   0.04584   0.02065  0.002805
   175/199     18.1G   0.04629   0.03209  0.003596   0.08198        59       512    0.4871    0.3827    0.4332    0.2015   0.04571   0.02018  0.002696
   176/199     18.1G   0.04616   0.03277  0.003364   0.08229        42       512    0.5217    0.3715    0.4371    0.2032   0.04554    0.0201  0.002662
   177/199     18.1G   0.04621   0.03174  0.003544   0.08149        56       512    0.5096    0.3861    0.4434    0.2054   0.04539   0.01995  0.002657
   178/199     18.1G   0.04638   0.03172  0.003498    0.0816        47       512    0.5453    0.3663    0.4478    0.2075    0.0454   0.01987  0.002661
   179/199     18.1G   0.04619   0.03168  0.003291   0.08115        32       512    0.4828    0.3872    0.4401    0.2038   0.04546   0.02022  0.002709
   180/199     18.1G   0.04619   0.03198   0.00349   0.08165        74       512    0.5316    0.3651    0.4472     0.206    0.0454   0.02001  0.002695
   181/199     18.1G    0.0462   0.03155  0.003467   0.08122        81       512    0.5536    0.3589    0.4488    0.2091   0.04546   0.01996  0.002699
   182/199     18.1G   0.04572   0.03167    0.0032   0.08059        58       512    0.5611    0.3611    0.4527    0.2079   0.04554   0.02001  0.002672
   183/199     18.1G   0.04623   0.03233  0.003404   0.08196        35       512    0.5958     0.348    0.4511    0.2076   0.04561   0.01994  0.002646
   184/199     18.1G   0.04622   0.03203   0.00333   0.08158        48       512    0.5996    0.3459    0.4538    0.2086   0.04544   0.01986  0.002626
   185/199     18.1G   0.04578   0.03224  0.003532   0.08155        73       512    0.5309    0.3965    0.4532    0.2074   0.04549   0.01997  0.002657
   186/199     18.1G   0.04603   0.03167  0.003281   0.08098        33       512    0.5806    0.3523    0.4544    0.2096    0.0455   0.01989  0.002626
   187/199     18.1G   0.04618   0.03194  0.003512   0.08163        59       512    0.5753    0.3471    0.4479    0.2074   0.04534   0.01991  0.002621
   188/199     18.1G   0.04574   0.03117  0.003418   0.08032        41       512     0.532    0.3756    0.4509    0.2082    0.0453   0.01986  0.002613
   189/199     18.1G   0.04562   0.03133  0.003389   0.08034        35       512    0.5533    0.3583    0.4535    0.2076   0.04527   0.02001   0.00266
   190/199     18.1G   0.04555   0.03104  0.003481   0.08007        26       512    0.5334    0.3606    0.4426     0.206   0.04532   0.02005   0.00278
   191/199     18.1G   0.04537   0.03168  0.003375   0.08042        77       512    0.5628    0.3523    0.4499    0.2071   0.04524   0.01989  0.002734
   192/199     18.1G   0.04546   0.03205  0.003457   0.08097        76       512     0.559    0.3578    0.4517    0.2079    0.0452   0.01993  0.002705
   193/199     18.1G   0.04525   0.03082  0.003332   0.07941        41       512     0.524    0.3782    0.4477    0.2083   0.04531   0.01993  0.002692
   194/199     18.1G   0.04551    0.0311  0.003254   0.07987        18       512    0.4999     0.394    0.4445    0.2077    0.0454   0.01988  0.002716
   195/199     18.1G   0.04566   0.03186   0.00328    0.0808        63       512    0.5327    0.3706    0.4472    0.2078   0.04537   0.01987  0.002714
   196/199     18.1G   0.04537   0.03165  0.003543   0.08057        68       512    0.5572      0.37    0.4523    0.2095   0.04522   0.01975  0.002696
   197/199     18.1G   0.04561   0.03144  0.003259   0.08031        50       512    0.5471    0.3688    0.4518    0.2095   0.04519    0.0198  0.002741
   198/199     18.1G   0.04517   0.03109  0.003202   0.07946        22       512    0.5559    0.3666    0.4516    0.2091    0.0453   0.01983  0.002733
   199/199     18.1G   0.04546   0.03186  0.003383   0.08071        43       512    0.5386    0.3738    0.4527    0.2104   0.04516   0.01991  0.002723
